95
62 0.646
10 0.600
2 0.500
21 0.637
10 0.572
82 0.985
66 0.532
4242 0.705
94 0.726
68 0.586
20 0.75
100 0.685
64 0.828
87 0.670
44 0.543
84 0.983
75 0.551
4 0.949
4664 0.797
2 1.0
29 0.711
37 0.795
8000 0.500
65 0.582
40 0.553
88 0.863
82 0.915
37 0.853
2 0.684
11 0.872
26 0.638
49 0.904
9 0.593
47 0.580
57 0.884
35 0.934
81 0.825
31 0.837
94 0.561
3 0.5
16 0.975
82 0.520
56 0.818
26 0.509
67 0.886
9 0.938
16 0.599
2788 0.719
3 1.0
9 0.87
8000 1.000
8000 0.684
3127 0.873
91 0.844
65 0.686
81 0.743
9 0.592
63 0.577
59 0.759
46 0.816
3984 0.930
7 0.505
98 0.779
41 0.797
20 0.591
2000 0.5
38 0.515
4 1.0
28 0.786
100 0.586
5 0.678
44 0.828
36 0.762
27 0.517
101 0.926
41 0.968
33 0.720
2 0.6
92 0.806
91 0.907
68 0.579
17 0.511
77 0.676
5 0.615
17 0.882
64 0.833
24 0.887
27 0.504
43 0.710
200 0.999
98 0.790
2 0.574
67 0.754
91 0.736
2 1.000
