Case #1:
1.0
1.0
Case #2:
1.3333333333333333
1.6666666666666665
2.0
Case #3:
1.6666666666666665
1.9444444444444442
2.388888888888889
3.0
Case #4:
1.6666666666666665
1.6666666666666665
1.6666666666666665
Case #5:
2.4745285664
2.6141729839999996
2.7746528
2.960479816
3.1761658336
Case #6:
3.6446908752128038
3.8372560268894773
4.0582523161441495
4.315812804264934
4.621933751684666
4.995260037367146
5.4666855465963895
6.091143882800296
6.9689647590401345
Case #7:
1.0
1.0
Case #8:
8.39485658717458
8.541683596350854
8.695439656068501
8.856723959178822
9.026215822883424
9.204689729889788
9.393034092306108
9.592274900754473
9.80360586450917
10.028427293186455
10.268396923459488
10.525497327389193
10.80212673422569
11.101223526522386
11.426440138900684
11.782390995841665
12.175013966686095
12.612110113414115
13.104170604910713
13.665678166347785
Case #9:
67.04469643039072
67.21298181863023
67.38228630140101
67.55262021793371
67.72399405809051
67.89641846526011
68.06990423932297
68.24446233968762
68.42010388840124
68.59684017333551
68.77468265145103
68.95364295214198
69.13373288066381
69.31496442164577
69.49734974269174
69.68090119807151
69.86563133250502
70.05155288504304
70.2386787930466
70.42702219626884
70.61659644104179
70.80741508457193
70.99949189934757
71.1928408776618
71.38747623625437
71.58341242107676
71.7806641121837
71.97924622875607
72.17917393425856
72.3804626417371
72.58312801926043
72.78718599551033
72.99265276552586
73.19954479660638
73.40787883437864
73.61767190903403
73.8289413417409
74.04170475123853
74.2559800606187
74.47178550430147
74.68913963521177
74.90806133216391
75.12856980746105
75.3506846147177
75.5744256569127
75.79981319468092
76.02686785485287
76.2556106392502
76.48606293374725
76.71824651760804
76.95218357310867
77.1878966954562
77.42540890301444
77.66474364784881
77.90592482660185
78.14897679171227
78.39392436299039
78.64079283956404
78.88960801220901
79.14039617607932
79.39318414385275
79.64799925930848
79.90486941135345
80.16382304851622
80.42488919392662
80.68809746080123
80.95347806845527
81.22106185886298
81.49088031378898
81.76296557251452
82.03735045018392
82.31406845679751
82.59315381687864
82.87464148984407
83.15856719110789
83.44496741395176
83.73387945219466
84.02534142369808
84.31939229474395
84.61607190532493
84.91542099538827
85.21748123207739
85.52229523801711
85.82990662069126
86.14036000296423
86.45370105480035
86.76997652623874
87.0892342816839
87.41152333557642
87.73689388951098
88.06539737087357
88.39708647307394
88.73201519745304
89.07023889695097
89.4118143216258
89.7567996661185
90.1052546191659
90.45724041526967
90.81281988863559
91.1720575295052
91.5350195430097
91.90177391068354
92.27239045478518
92.64694090558129
93.02549897176141
93.40814041416152
93.79494312298618
94.18598719873319
94.58135503703707
94.98113141766495
95.38540359791261
95.79426141066791
96.20779736742702
96.62610676657026
97.04928780722699
97.47744170908251
97.91067283850875
98.34908884142655
98.7928007833423
99.24192329703331
99.69657473839541
100.15687735100725
100.62295744001008
101.09494555595123
101.57297668929377
102.05719047635318
102.5477314174875
103.04474910843788
103.54839848579645
104.05884008766287
104.57624033064945
105.10077180449773
105.63261358568698
106.17195157154694
106.71897883652746
107.27389601244036
107.83691169466564
108.40824287651344
108.98811541415381
109.57676452477602
110.17443532091583
110.78138338420156
111.39787538212202
112.02418973181305
112.66061731530746
113.30746225119896
113.96504272824174
114.63369190706099
115.31375889688859
116.00560981508653
116.7096289381885
117.42621995429974
118.15580732797551
118.89883779016942
119.65578196754919
120.42713616745266
121.21342433705831
122.01520021802767
122.83304972102292
123.66759354819621
124.51949009610865
125.389438676694
126.27818310002135
127.18651566993474
128.11528165242967
129.0653842872116
130.03779042568974
131.03353689425313
132.05373770075022
133.09959222557472
134.1723945678332
135.2735442533092
136.40455855641733
137.56708674585317
138.76292663693053
139.99404392779323
141.26259491886645
142.5709533749229
143.92174250095857
145.31787328665942
146.7625908587128
148.25953100852996
149.81278979984265
151.4270102053654
153.10749122990745
154.86032719881604
156.69258823714074
158.6125581355484
160.63005402114035
162.75686576379547
165.00737611909426
167.39946379996334
169.95586923461119
172.7063585609642
175.69136037469264
178.96856656021413
182.62624307739415
186.8145320425195
191.83988009834613
198.6221754369514
Case #10:
1000.4995000000005
1000.4995000000001
1000.4994999999998
1000.4994999999997
1000.4995000000004
1000.4995000000007
1000.4994999999994
1000.4994999999992
1000.4995000000011
1000.4995000000013
1000.4995000000004
1000.499500000002
1000.4995000000011
1000.4995000000002
1000.4995000000001
1000.4994999999998
1000.4994999999986
1000.499499999999
1000.4994999999994
1000.4994999999999
1000.4995000000001
1000.4994999999992
1000.4994999999992
1000.4995
1000.4995000000002
1000.4995000000004
1000.4995000000017
1000.4995000000016
1000.4995000000007
1000.4995
1000.4995000000001
1000.4995
1000.4995000000001
1000.4994999999997
1000.4994999999994
1000.4994999999997
1000.4995000000005
1000.4995000000006
1000.4995000000013
1000.4995000000009
1000.4995000000008
1000.4995000000009
1000.4995000000008
1000.4995000000006
1000.4995000000009
1000.4995
1000.4994999999996
1000.4994999999994
1000.4994999999998
1000.4994999999994
1000.4994999999999
1000.4994999999996
1000.4994999999998
1000.4994999999999
1000.4995000000009
1000.4995000000005
1000.4995000000007
1000.4995000000009
1000.4995000000009
1000.4995000000006
1000.4995000000008
1000.4995000000008
1000.4995000000007
1000.4995000000005
1000.4995000000002
1000.4995000000002
1000.4995000000001
1000.4995
1000.4995000000001
1000.4995000000005
1000.4995000000005
1000.4995000000006
1000.4995000000006
1000.4995000000005
1000.4995000000005
1000.4995000000005
1000.4995000000005
1000.4995000000007
1000.4995
1000.4995000000001
1000.4995000000001
1000.4995000000005
1000.4995000000002
1000.4995000000005
1000.4995000000005
1000.4995000000004
1000.4995000000007
1000.4995000000013
1000.4995000000015
1000.4995000000014
1000.4995000000009
1000.4995000000008
1000.4995000000004
1000.4995000000004
1000.4995
1000.4994999999999
1000.4994999999998
1000.4994999999996
1000.4994999999993
1000.4994999999993
1000.4994999999997
1000.4994999999997
1000.4994999999996
1000.4994999999996
1000.4994999999997
1000.4994999999997
1000.4994999999997
1000.4994999999999
1000.4994999999994
1000.4994999999998
1000.4994999999997
1000.4994999999993
1000.499499999999
1000.4994999999989
1000.499499999999
1000.4994999999994
1000.4994999999997
1000.4994999999991
1000.4994999999989
1000.4994999999992
1000.499499999999
1000.4994999999992
1000.4994999999994
1000.4994999999996
1000.4994999999999
1000.4994999999998
1000.4994999999999
1000.4994999999997
1000.4995000000001
1000.4995
1000.4995000000005
1000.4995000000008
1000.4995000000006
1000.4995000000004
1000.4995000000005
1000.4995000000002
1000.4995000000004
1000.4994999999999
1000.4994999999997
1000.4994999999994
1000.4994999999992
1000.4994999999993
1000.4994999999994
1000.4994999999997
1000.4994999999994
1000.4994999999994
1000.4994999999997
1000.4994999999994
1000.4994999999999
1000.4994999999998
1000.4994999999994
1000.4994999999993
1000.4994999999993
1000.4994999999996
1000.4994999999996
1000.4994999999994
1000.4994999999994
1000.4994999999993
1000.4994999999993
1000.4994999999996
1000.4994999999997
1000.4994999999996
1000.4994999999994
1000.4994999999997
1000.4994999999997
1000.4995000000001
1000.4995000000005
1000.4995000000005
1000.4995000000004
1000.4995000000001
1000.4994999999998
1000.4994999999997
1000.4994999999997
1000.4995
1000.4995000000004
1000.4995000000005
1000.4995000000004
1000.4995000000004
1000.4995000000006
1000.4995000000006
1000.4995000000005
1000.4995000000002
1000.4995000000004
1000.4995
1000.4995
1000.4994999999999
1000.4994999999996
1000.4994999999996
1000.4994999999994
1000.4994999999992
1000.4994999999994
1000.4994999999997
1000.4995
1000.4995000000005
1000.4995000000005
1000.4995000000005
1000.4995000000004
1000.4995000000002
1000.4995000000004
1000.4994999999999
1000.4994999999998
1000.4994999999997
1000.4995
1000.4995000000002
1000.4995000000004
1000.4995000000001
1000.4994999999998
1000.4994999999999
1000.4994999999998
1000.4994999999998
1000.4995000000001
1000.4994999999999
1000.4994999999999
1000.4994999999999
1000.4994999999998
1000.4994999999994
1000.4994999999996
1000.4994999999999
1000.4994999999998
1000.4994999999997
1000.4994999999996
1000.4994999999997
1000.4994999999998
1000.4995
1000.4994999999998
1000.4995
1000.4994999999997
1000.4995000000001
1000.4995000000001
1000.4995000000001
1000.4995000000001
1000.4995
1000.4995000000001
1000.4995000000004
1000.4995000000008
1000.4995000000004
1000.4995000000002
1000.4995000000001
1000.4995
1000.4994999999999
1000.4994999999999
1000.4995000000001
1000.4995000000004
1000.4994999999998
1000.4994999999999
1000.4994999999998
1000.4994999999998
1000.4994999999999
1000.4994999999999
1000.4995000000001
1000.4995000000001
1000.4995000000002
1000.4995000000005
1000.4995000000001
1000.4995
1000.4995
1000.4995
1000.4995000000005
1000.4995000000002
1000.4995000000006
1000.4995000000004
1000.4995000000005
1000.4995000000001
1000.4995000000001
1000.4995
1000.4995
1000.4994999999997
1000.4994999999997
1000.4994999999996
1000.4994999999997
1000.4994999999997
1000.4994999999997
1000.4994999999994
1000.4994999999993
1000.4994999999992
1000.499499999999
1000.4994999999992
1000.499499999999
1000.4994999999991
1000.4994999999991
1000.4994999999994
1000.4994999999996
1000.4994999999994
1000.4994999999996
1000.4994999999994
1000.4994999999994
1000.4994999999996
1000.4994999999997
1000.4994999999997
1000.4994999999997
1000.4994999999993
1000.4994999999991
1000.4994999999991
1000.4994999999992
1000.4994999999992
1000.4994999999996
1000.4994999999997
1000.4994999999998
1000.4994999999998
1000.4994999999998
1000.4995000000002
1000.4995000000004
1000.4995000000004
1000.4995000000002
1000.4995
1000.4994999999999
1000.4994999999997
1000.4994999999999
1000.4994999999999
1000.4995000000002
1000.4995000000004
1000.4995000000002
1000.4994999999999
1000.4994999999998
1000.4994999999997
1000.4994999999998
1000.4994999999998
1000.4994999999994
1000.4994999999997
1000.4994999999999
1000.4995
1000.4995000000002
1000.4994999999999
1000.4994999999999
1000.4995000000001
1000.4995000000001
1000.4995000000002
1000.4995000000005
1000.4995000000006
1000.4995000000004
1000.4995000000001
1000.4995
1000.4995000000001
1000.4995000000004
1000.4995000000004
1000.4995000000004
1000.4995000000001
1000.4995000000004
1000.4995000000004
1000.4995000000001
1000.4995000000001
1000.4995000000006
1000.4995000000006
1000.4995000000005
1000.4995000000004
1000.4995000000002
1000.4995000000002
1000.4995000000006
1000.4995000000005
1000.4995000000004
1000.4995000000004
1000.4995000000001
1000.4995000000001
1000.4995000000004
1000.4995000000001
1000.4994999999999
1000.4994999999998
1000.4994999999999
1000.4995
1000.4994999999999
1000.4994999999996
1000.4994999999998
1000.4994999999997
1000.4994999999994
1000.4994999999997
1000.4995000000001
1000.4994999999998
1000.4994999999997
1000.4994999999994
1000.4994999999997
1000.4994999999997
1000.4995
1000.4994999999999
1000.4994999999999
1000.4994999999997
1000.4994999999997
1000.4994999999999
1000.4995
1000.4994999999999
1000.4994999999999
1000.4995000000001
1000.4994999999999
1000.4994999999999
1000.4994999999999
1000.4995
1000.4994999999998
1000.4995
1000.4995000000004
1000.4995000000004
1000.4995000000004
1000.4995000000004
1000.4995000000004
1000.4995000000006
1000.4995000000004
1000.4995000000004
1000.4995000000006
1000.4995000000006
1000.4995000000007
1000.4995000000006
1000.4995000000001
1000.4994999999999
1000.4994999999997
1000.4994999999996
1000.4994999999994
1000.4994999999994
1000.4994999999997
1000.4994999999997
1000.4994999999999
1000.4994999999999
1000.4995000000001
1000.4994999999999
1000.4994999999999
1000.4995000000001
1000.4994999999999
1000.4994999999999
1000.4994999999997
1000.4994999999998
1000.4994999999998
1000.4994999999999
1000.4994999999999
1000.4994999999999
1000.4995
1000.4995000000001
1000.4994999999999
1000.4994999999999
1000.4994999999997
1000.4994999999997
1000.4994999999999
1000.4994999999999
1000.4994999999994
1000.4994999999997
1000.4994999999994
1000.4994999999997
1000.4994999999996
1000.4994999999994
1000.4994999999997
1000.4994999999998
1000.4994999999999
1000.4994999999996
1000.4994999999996
1000.4994999999998
1000.4994999999999
1000.4994999999996
1000.4994999999997
1000.4994999999996
1000.4994999999996
1000.4994999999994
1000.4994999999994
1000.4994999999996
1000.4994999999996
1000.4994999999994
1000.4994999999997
1000.4994999999997
1000.4994999999994
1000.4994999999997
1000.4994999999998
1000.4994999999999
1000.4994999999999
1000.4994999999998
1000.4994999999998
1000.4994999999999
1000.4994999999998
1000.4995
1000.4995000000001
1000.4995000000004
1000.4995000000005
1000.4995000000001
1000.4995000000001
1000.4995000000001
1000.4995000000001
1000.4995000000001
1000.4995000000002
1000.4995000000005
1000.4995000000005
1000.4995000000006
1000.4995000000005
1000.4995000000004
1000.4995000000002
1000.4995000000001
1000.4995
1000.4994999999997
1000.4994999999999
1000.4995000000001
1000.4994999999999
1000.4994999999997
1000.4994999999999
1000.4995
1000.4995000000001
1000.4995000000001
1000.4995
1000.4994999999998
1000.4994999999997
1000.4994999999996
1000.4994999999997
1000.4994999999994
1000.4994999999994
1000.4994999999993
1000.4994999999994
1000.4994999999994
1000.4994999999997
1000.4994999999997
1000.4994999999994
1000.4994999999994
1000.4994999999996
1000.4994999999996
1000.4994999999997
1000.4994999999994
1000.4994999999997
1000.4994999999997
1000.4994999999994
1000.4994999999992
1000.4994999999994
1000.4994999999992
1000.4994999999991
1000.4994999999992
1000.499499999999
1000.4994999999992
1000.4994999999992
1000.4994999999992
1000.4994999999993
1000.4994999999997
1000.4994999999996
1000.4994999999994
1000.4994999999997
1000.4994999999999
1000.4994999999997
1000.4994999999997
1000.4994999999999
1000.4994999999998
1000.4994999999997
1000.4994999999996
1000.4994999999997
1000.4994999999994
1000.4994999999997
1000.4994999999997
1000.4994999999994
1000.4994999999997
1000.4994999999997
1000.4994999999997
1000.4994999999997
1000.4994999999998
1000.4994999999997
1000.4994999999997
1000.4994999999998
1000.4994999999999
1000.4994999999997
1000.4994999999997
1000.4994999999997
1000.4994999999999
1000.4995
1000.4994999999998
1000.4994999999994
1000.4994999999997
1000.4994999999997
1000.4994999999994
1000.4994999999992
1000.4994999999993
1000.4994999999994
1000.4994999999994
1000.4994999999994
1000.499499999999
1000.4994999999993
1000.4994999999993
1000.4994999999991
1000.4994999999992
1000.4994999999994
1000.499499999999
1000.4994999999992
1000.4994999999993
1000.4994999999993
1000.4994999999992
1000.4994999999997
1000.4995
1000.4995000000001
1000.4995000000001
1000.4995000000004
1000.4995000000004
1000.4995000000002
1000.4995000000001
1000.4995000000001
1000.4995000000001
1000.4995
1000.4995
1000.4995000000004
1000.4995000000001
1000.4995000000004
1000.4995000000001
1000.4995000000001
1000.4995000000001
1000.4995
1000.4994999999999
1000.4994999999997
1000.4994999999997
1000.4994999999997
1000.4994999999997
1000.4994999999997
1000.4994999999997
1000.4994999999994
1000.4994999999992
1000.4994999999994
1000.4994999999992
1000.4994999999996
1000.4994999999997
1000.4994999999999
1000.4994999999997
1000.4994999999998
1000.4994999999997
1000.4994999999999
1000.4994999999999
1000.4994999999996
1000.4994999999996
1000.4994999999996
1000.4994999999994
1000.4994999999994
1000.4994999999996
1000.4994999999997
1000.4994999999996
1000.4994999999996
1000.4994999999997
1000.4994999999994
1000.4994999999994
1000.4994999999994
1000.4994999999997
1000.4994999999996
1000.4994999999994
1000.4994999999994
1000.4994999999994
1000.4994999999996
1000.4994999999997
1000.4994999999996
1000.4994999999996
1000.4994999999994
1000.4994999999993
1000.4994999999994
1000.4994999999994
1000.4994999999994
1000.4994999999994
1000.4994999999997
1000.4994999999993
1000.499499999999
1000.499499999999
1000.499499999999
1000.499499999999
1000.4994999999992
1000.4994999999994
1000.4994999999992
1000.499499999999
1000.4994999999992
1000.4994999999992
1000.4994999999992
1000.4994999999994
1000.4994999999994
1000.4994999999994
1000.4994999999997
1000.4994999999996
1000.4994999999997
1000.4994999999997
1000.4994999999997
1000.4994999999999
1000.4994999999999
1000.4994999999999
1000.4994999999997
1000.4994999999996
1000.4994999999998
1000.4994999999998
1000.4994999999997
1000.4994999999997
1000.4994999999997
1000.4994999999997
1000.4994999999998
1000.4994999999999
1000.4994999999999
1000.4994999999999
1000.4995
1000.4994999999999
1000.4994999999998
1000.4994999999998
1000.4994999999997
1000.4994999999997
1000.4994999999996
1000.4994999999994
1000.4994999999994
1000.4994999999994
1000.4994999999993
1000.4994999999994
1000.4994999999994
1000.4994999999993
1000.4994999999994
1000.4994999999992
1000.4994999999992
1000.499499999999
1000.4994999999992
1000.4994999999992
1000.4994999999994
1000.4994999999994
1000.4994999999994
1000.4994999999994
1000.4994999999994
1000.4994999999993
1000.4994999999994
1000.4994999999994
1000.4994999999996
1000.4994999999997
1000.4994999999999
1000.4994999999998
1000.4994999999999
1000.4994999999996
1000.4994999999994
1000.4994999999993
1000.4994999999994
1000.4994999999997
1000.4994999999996
1000.4994999999996
1000.4994999999997
1000.4994999999997
1000.4994999999994
1000.4994999999994
1000.4994999999996
1000.4994999999997
1000.4994999999998
1000.4994999999999
1000.4994999999999
1000.4995
1000.4995
1000.4995000000001
1000.4995000000001
1000.4994999999999
1000.4994999999999
1000.4994999999999
1000.4994999999997
1000.4994999999994
1000.4994999999996
1000.4994999999994
1000.4994999999996
1000.4994999999996
1000.4994999999997
1000.4994999999994
1000.4994999999994
1000.4994999999997
1000.4994999999994
1000.4994999999994
1000.4994999999996
1000.4994999999996
1000.4994999999993
1000.4994999999993
1000.4994999999994
1000.4994999999994
1000.4994999999994
1000.4994999999994
1000.4994999999992
1000.4994999999992
1000.4994999999991
1000.499499999999
1000.4994999999993
1000.4994999999994
1000.4994999999993
1000.4994999999993
1000.4994999999993
1000.4994999999994
1000.4994999999997
1000.4994999999994
1000.4994999999997
1000.4994999999996
1000.4994999999994
1000.4994999999992
1000.4994999999992
1000.4994999999991
1000.4994999999992
1000.4994999999992
1000.4994999999994
1000.4994999999994
1000.4994999999996
1000.4994999999998
1000.4994999999998
1000.4994999999996
1000.4994999999994
1000.4994999999994
1000.4994999999996
1000.4994999999996
1000.4994999999997
1000.4994999999997
1000.4994999999997
1000.4994999999994
1000.4994999999994
1000.4994999999994
1000.4994999999998
1000.4994999999999
1000.4994999999999
1000.4994999999999
1000.4994999999999
1000.4994999999999
1000.4994999999999
1000.4995000000001
1000.4995000000001
1000.4994999999999
1000.4994999999999
1000.4994999999999
1000.4995000000001
1000.4995000000001
1000.4994999999999
1000.4994999999999
1000.4994999999999
1000.4994999999999
1000.4994999999997
1000.4994999999999
1000.4994999999997
1000.4994999999994
1000.4994999999994
1000.4994999999993
1000.4994999999994
1000.4994999999998
1000.4994999999998
1000.4994999999997
1000.4994999999994
1000.4994999999994
1000.4994999999994
1000.4994999999994
1000.4994999999993
1000.4994999999994
1000.4994999999993
1000.4994999999994
1000.4994999999994
1000.4994999999997
1000.4994999999996
1000.4994999999996
1000.4994999999993
1000.4994999999991
1000.4994999999991
1000.4994999999992
1000.4994999999992
1000.499499999999
1000.499499999999
1000.4994999999991
1000.4994999999992
1000.4994999999991
1000.4994999999992
1000.4994999999994
1000.4994999999996
1000.4994999999997
1000.4994999999997
1000.4994999999997
1000.4994999999999
1000.4994999999998
1000.4994999999996
1000.4994999999997
1000.4994999999997
1000.4994999999994
1000.4994999999994
1000.4994999999994
1000.4994999999996
1000.4994999999994
1000.4994999999997
1000.4994999999997
1000.4994999999997
1000.4994999999999
1000.4994999999999
1000.4994999999998
1000.4994999999998
1000.4994999999997
1000.4994999999997
1000.4994999999996
1000.4994999999994
1000.4994999999997
1000.4994999999997
1000.4994999999997
1000.4994999999997
1000.4994999999997
1000.4994999999998
1000.4994999999997
1000.4994999999997
1000.4994999999997
1000.4994999999999
1000.4994999999997
1000.4994999999997
1000.4994999999997
1000.4994999999999
1000.4994999999999
1000.4994999999999
1000.4994999999999
1000.4994999999998
1000.4994999999994
1000.4994999999993
1000.4994999999994
1000.4994999999997
1000.4994999999996
1000.4994999999994
1000.4994999999993
1000.4994999999994
1000.4994999999992
1000.4994999999992
1000.4994999999992
1000.4994999999994
1000.4994999999992
1000.4994999999992
1000.4994999999991
1000.4994999999992
1000.4994999999992
1000.499499999999
1000.4994999999989
1000.499499999999
1000.499499999999
1000.4994999999989
1000.4994999999988
1000.4994999999985
1000.4994999999986
1000.4994999999988
1000.4994999999988
1000.4994999999988
1000.4994999999988
1000.499499999999
1000.4994999999991
1000.4994999999992
1000.4994999999991
1000.4994999999992
1000.4994999999993
1000.4994999999994
1000.4994999999994
1000.4994999999996
1000.4994999999996
1000.4994999999994
1000.4994999999994
1000.4994999999994
1000.4994999999994
1000.4994999999994
1000.4994999999997
1000.4994999999997
1000.4994999999999
1000.4994999999997
1000.4994999999997
1000.4994999999997
1000.4994999999997
1000.4994999999997
1000.4994999999997
1000.4994999999994
1000.4994999999994
1000.4994999999992
1000.4994999999992
1000.4994999999993
1000.4994999999994
1000.4994999999993
1000.4994999999994
1000.4994999999993
1000.4994999999994
1000.4994999999994
1000.4994999999992
1000.4994999999992
1000.4994999999992
1000.4994999999993
1000.4994999999994
1000.4994999999993
1000.4994999999992
1000.4994999999991
1000.4994999999991
1000.4994999999992
1000.4994999999994
1000.4994999999992
1000.4994999999992
1000.4994999999992
1000.4994999999993
1000.4994999999997
1000.4994999999997
1000.4994999999997
1000.4994999999997
1000.4994999999998
1000.4994999999997
1000.4994999999997
1000.4994999999997
1000.4994999999999
1000.4994999999997
1000.4994999999997
1000.4994999999997
1000.4994999999997
1000.4994999999997
1000.4994999999994
1000.4994999999994
1000.4994999999993
1000.4994999999992
1000.4994999999992
1000.4994999999992
1000.4994999999991
1000.4994999999992
1000.4994999999994
1000.4994999999994
1000.4994999999994
1000.4994999999992
1000.4994999999992
1000.4994999999992
1000.4994999999992
1000.4994999999992
1000.4994999999992
1000.4994999999991
1000.4994999999991
1000.4994999999992
1000.4994999999992
1000.4994999999994
1000.4994999999992
1000.4994999999991
1000.4994999999991
1000.499499999999
1000.499499999999
1000.499499999999
1000.499499999999
1000.4994999999991
1000.4994999999991
1000.4994999999992
1000.4994999999994
1000.4994999999992
1000.4994999999992
1000.4994999999991
1000.4994999999991
1000.4994999999992
1000.4994999999992
1000.4994999999992
1000.499499999999
1000.4994999999989
1000.4994999999989
1000.499499999999
1000.499499999999
1000.4994999999989
1000.4994999999989
1000.4994999999989
1000.499499999999
1000.499499999999
1000.499499999999
1000.499499999999
1000.4994999999992
1000.4994999999992
1000.4994999999994
1000.4994999999992
1000.4994999999994
1000.4994999999994
1000.4994999999993
1000.4994999999994
1000.4994999999994
1000.4994999999994
1000.4994999999996
1000.4994999999997
1000.4994999999997
1000.4994999999997
1000.4994999999997
1000.4994999999997
1000.4994999999996
1000.4994999999997
1000.4994999999994
1000.4994999999993
1000.4994999999996
1000.4994999999994
1000.4994999999993
1000.4994999999993
1000.4994999999994
1000.4994999999994
1000.4994999999997
1000.4994999999996
1000.4994999999994
1000.4994999999993
1000.4994999999994
1000.4994999999994
1000.4994999999994
1000.4994999999996
1000.4994999999997
1000.4994999999998
1000.4994999999999
1000.4995
1000.4995000000001
1000.4995000000001
1000.4995
1000.4994999999999
1000.4994999999999
1000.4995000000001
1000.4994999999999
1000.4994999999999
1000.4994999999999
1000.4994999999997
1000.4994999999999
1000.4994999999998
1000.4994999999999
1000.4994999999998
1000.4994999999997
1000.4994999999997
1000.4994999999997
1000.4994999999997
1000.4994999999996
1000.4994999999994
1000.4994999999992
1000.4994999999992
1000.4994999999992
1000.499499999999
1000.4994999999988
1000.4994999999988
1000.4994999999988
1000.4994999999988
1000.4994999999988
1000.4994999999989
1000.4994999999988
1000.4994999999988
1000.4994999999986
1000.4994999999985
1000.4994999999985
1000.4994999999984
1000.4994999999985
1000.4994999999985
1000.4994999999985
1000.4994999999986
1000.4994999999989
1000.499499999999
1000.4994999999989
1000.499499999999
1000.499499999999
1000.4994999999992
1000.4994999999991
1000.4994999999991
1000.4994999999992
1000.4994999999992
1000.499499999999
1000.4994999999991
1000.4994999999991
1000.4994999999992
1000.4994999999992
1000.499499999999
1000.499499999999
1000.4994999999992
1000.4994999999992
1000.4994999999992
1000.4994999999992
1000.4994999999992
1000.4994999999991
1000.4994999999992
1000.499499999999
1000.499499999999
1000.4994999999988
1000.4994999999988
1000.499499999999
1000.4994999999989
1000.499499999999
1000.499499999999
1000.499499999999
1000.499499999999
1000.499499999999
1000.4994999999988
1000.499499999999
1000.4994999999992
1000.4994999999991
1000.4994999999991
1000.4994999999991
1000.4994999999992
1000.4994999999992
1000.499499999999
1000.4994999999991
1000.499499999999
1000.4994999999988
1000.4994999999989
1000.4994999999989
1000.499499999999
1000.499499999999
1000.499499999999
1000.4994999999992
1000.4994999999991
1000.4994999999992
1000.4994999999992
1000.499499999999
1000.4994999999992
1000.4994999999992
1000.4994999999993
1000.4994999999992
1000.4994999999992
1000.499499999999
1000.499499999999
1000.4994999999988
1000.4994999999988
1000.4994999999988
1000.4994999999988
1000.4994999999988
1000.4994999999988
1000.4994999999988
1000.4994999999986
1000.4994999999986
1000.4994999999986
1000.4994999999988
1000.4994999999988
1000.499499999999
1000.499499999999
1000.4994999999992
1000.4994999999991
1000.499499999999
1000.4994999999988
1000.4994999999988
1000.499499999999
1000.4994999999992
1000.4994999999992
1000.499499999999
1000.4994999999988
1000.499499999999
1000.499499999999
1000.499499999999
1000.4994999999988
1000.4994999999988
1000.4994999999985
1000.4994999999988
1000.499499999999
1000.499499999999
1000.4994999999991
1000.4994999999992
1000.4994999999992
1000.499499999999
1000.499499999999
1000.499499999999
1000.4994999999989
1000.499499999999
1000.499499999999
1000.4994999999989
1000.499499999999
1000.499499999999
1000.499499999999
1000.499499999999
1000.499499999999
1000.499499999999
1000.4994999999988
1000.4994999999988
1000.4994999999988
1000.4994999999989
1000.4994999999988
1000.4994999999988
1000.4994999999991
1000.4994999999991
1000.4994999999992
1000.4994999999991
1000.499499999999
1000.4994999999988
1000.4994999999988
1000.4994999999988
1000.4994999999986
1000.4994999999985
1000.4994999999983
1000.4994999999983
1000.4994999999982
1000.4994999999983
1000.4994999999983
1000.4994999999985
1000.4994999999985
1000.4994999999984
1000.4994999999984
1000.4994999999985
1000.4994999999988
1000.4994999999988
1000.4994999999986
1000.4994999999988
1000.4994999999988
1000.4994999999985
1000.4994999999983
1000.4994999999983
1000.4994999999984
1000.4994999999985
1000.4994999999985
1000.4994999999988
1000.4994999999988
1000.4994999999985
1000.4994999999985
1000.4994999999985
1000.4994999999988
1000.4994999999988
1000.4994999999989
1000.4994999999989
1000.4994999999989
1000.499499999999
1000.4994999999992
1000.4994999999992
1000.4994999999994
1000.4994999999993
1000.4994999999994
1000.4994999999994
1000.4994999999997
1000.4994999999996
1000.4994999999994
1000.4994999999992
1000.4994999999992
1000.4994999999992
1000.4994999999991
1000.499499999999
1000.4994999999989
1000.4994999999988
1000.499499999999
1000.4994999999988
1000.4994999999988
1000.4994999999988
1000.4994999999988
1000.499499999999
1000.499499999999
1000.499499999999
1000.4994999999989
1000.499499999999
1000.4994999999992
1000.4994999999991
1000.4994999999992
1000.4994999999992
1000.4994999999991
1000.4994999999992
1000.4994999999992
1000.499499999999
1000.499499999999
1000.4994999999989
1000.499499999999
1000.4994999999989
1000.499499999999
1000.499499999999
1000.499499999999
1000.499499999999
1000.4994999999988
1000.4994999999988
1000.4994999999986
1000.4994999999986
1000.4994999999986
1000.4994999999983
1000.4994999999982
1000.4994999999983
1000.4994999999983
1000.4994999999983
1000.4994999999985
1000.4994999999986
1000.4994999999985
1000.4994999999988
1000.4994999999986
1000.4994999999986
1000.4994999999985
1000.4994999999988
1000.4994999999988
1000.4994999999986
1000.4994999999988
1000.4994999999985
1000.4994999999988
1000.4994999999989
1000.499499999999
1000.4994999999989
1000.499499999999
1000.4994999999988
1000.4994999999988
1000.4994999999989
1000.499499999999
1000.4994999999988
1000.4994999999992
1000.4994999999992
1000.499499999999
1000.499499999999
1000.4994999999988
1000.4994999999988
1000.499499999999
1000.4994999999992
1000.4994999999992
1000.4994999999992
1000.4994999999992
1000.4994999999991
1000.4994999999991
1000.499499999999
1000.499499999999
1000.499499999999
1000.4994999999992
1000.4994999999991
1000.499499999999
1000.499499999999
1000.4994999999989
1000.4994999999988
1000.499499999999
1000.4994999999991
1000.4994999999991
1000.4994999999991
1000.4994999999992
1000.4994999999992
1000.4994999999992
1000.499499999999
1000.4994999999988
1000.4994999999988
1000.4994999999988
1000.4994999999986
1000.4994999999989
1000.499499999999
1000.4994999999991
1000.4994999999991
1000.4994999999991
1000.4994999999991
1000.4994999999992
1000.4994999999994
1000.4994999999997
1000.4994999999997
1000.4994999999997
1000.4994999999996
1000.4994999999994
1000.4994999999993
1000.4994999999993
1000.4994999999992
1000.4994999999992
1000.499499999999
1000.4994999999992
1000.4994999999991
1000.4994999999992
1000.4994999999996
1000.4994999999999
1000.4994999999998
1000.4994999999999
1000.4994999999997
1000.4994999999996
1000.4994999999994
1000.4994999999997
1000.4994999999996
1000.4994999999997
1000.4994999999997
1000.4994999999998
1000.4994999999997
1000.4994999999997
1000.4994999999996
1000.4994999999993
1000.4994999999997
1000.4994999999996
1000.4994999999997
1000.4994999999994
1000.4994999999996
1000.4994999999996
1000.4994999999997
1000.4994999999997
1000.4994999999994
1000.4994999999997
1000.4994999999997
1000.4994999999994
1000.4994999999992
1000.4994999999991
1000.4994999999992
1000.4994999999992
1000.4994999999994
1000.4994999999994
1000.4994999999994
1000.4994999999994
1000.499499999999
1000.499499999999
1000.4994999999992
1000.4994999999991
1000.499499999999
1000.4994999999992
1000.499499999999
1000.4994999999988
1000.4994999999988
1000.4994999999986
1000.4994999999983
1000.4994999999983
1000.4994999999983
1000.4994999999984
1000.4994999999982
1000.4994999999983
1000.4994999999985
1000.4994999999986
1000.4994999999985
1000.4994999999988
1000.4994999999992
1000.4994999999992
1000.499499999999
1000.499499999999
1000.499499999999
1000.499499999999
1000.4994999999988
1000.499499999999
1000.4994999999988
1000.499499999999
1000.499499999999
1000.4994999999992
1000.4994999999993
1000.4994999999997
1000.4994999999997
1000.4994999999997
1000.4994999999998
1000.4994999999997
1000.4994999999994
1000.4994999999996
1000.4994999999996
1000.4994999999997
1000.4994999999999
1000.4994999999999
1000.4994999999997
1000.4994999999993
1000.4994999999992
1000.4994999999992
1000.4994999999992
1000.4994999999994
1000.4994999999992
1000.499499999999
1000.4994999999989
1000.4994999999986
1000.4994999999988
1000.4994999999985
1000.4994999999986
1000.4994999999983
1000.4994999999983
1000.4994999999985
1000.4994999999983
1000.4994999999983
1000.4994999999981
1000.4994999999984
1000.4994999999983
1000.4994999999983
1000.4994999999985
1000.4994999999988
1000.499499999999
1000.499499999999
1000.4994999999992
1000.4994999999994
1000.4994999999991
1000.4994999999992
1000.4994999999989
1000.4994999999992
1000.4994999999992
1000.4994999999994
1000.4994999999994
1000.4994999999992
1000.499499999999
1000.4994999999992
1000.4994999999994
1000.4994999999992
1000.499499999999
1000.499499999999
1000.4994999999992
1000.4994999999991
1000.499499999999
1000.499499999999
1000.4994999999985
1000.4994999999988
1000.4994999999989
1000.499499999999
1000.4994999999992
1000.4994999999992
1000.4994999999993
1000.4994999999994
1000.4994999999992
1000.499499999999
1000.4994999999992
1000.4994999999992
1000.4994999999991
1000.4994999999994
1000.4994999999994
1000.4994999999997
1000.4994999999997
1000.4994999999994
1000.4994999999994
1000.4994999999994
1000.4994999999997
1000.4994999999997
1000.4994999999998
1000.4994999999999
1000.4994999999999
1000.4994999999997
1000.4994999999997
1000.4994999999994
1000.4994999999997
1000.4994999999999
1000.4995000000001
1000.4995000000002
1000.4995000000001
1000.4994999999999
1000.4995
1000.4995000000002
1000.4995000000004
1000.4995000000001
1000.4995000000001
1000.4995000000002
1000.4995000000001
1000.4995000000001
1000.4995000000001
1000.4995000000004
1000.4995000000006
1000.4995000000005
1000.4995000000006
1000.4995000000006
1000.4995000000004
1000.4995000000005
1000.4995000000004
1000.4995000000006
1000.4995000000006
1000.4995000000006
1000.4995000000006
1000.4995000000004
1000.4995000000004
1000.4995000000004
1000.4995000000006
1000.4995000000004
1000.4995000000004
1000.4995000000004
1000.4995000000004
1000.4995000000004
1000.4995000000001
1000.4995000000001
1000.4995000000001
1000.4995000000001
1000.4995000000001
1000.4995000000001
1000.4995000000001
1000.4995000000001
1000.4995000000001
1000.4994999999999
1000.4994999999999
1000.4995000000001
1000.4995000000001
1000.4995000000001
1000.4995000000002
1000.4995000000004
1000.4995000000001
1000.4995000000002
1000.4995000000006
1000.4995000000007
1000.4995000000006
1000.4995000000004
1000.4995000000001
1000.4995000000004
1000.4995000000006
1000.4995000000004
1000.4995000000004
1000.4995000000004
1000.4995000000005
1000.4995000000005
1000.4995000000006
1000.4995000000008
1000.4995000000007
1000.4995000000008
1000.4995000000006
1000.4995000000007
1000.4995000000008
1000.4995000000008
1000.499500000001
1000.4995000000008
1000.4995000000008
1000.4995000000006
1000.4995000000007
1000.4995000000006
1000.4995000000006
1000.4995000000006
1000.499500000001
1000.499500000001
1000.4995000000008
1000.4995000000006
1000.4995000000006
1000.4995000000008
1000.4995000000008
1000.4995000000009
1000.499500000001
1000.4995000000008
1000.499500000001
1000.499500000001
1000.499500000001
1000.499500000001
1000.4995000000008
1000.4995000000006
1000.4995000000006
1000.4995000000006
1000.4995000000004
1000.4995000000005
1000.4995000000004
1000.4995000000005
1000.4995000000006
1000.4995000000008
1000.4995000000006
1000.4995000000005
1000.4995000000008
1000.499500000001
1000.4995000000014
1000.4995000000011
1000.4995000000007
1000.4995000000008
1000.499500000001
1000.4995000000008
1000.4995000000006
1000.4995000000008
1000.4995000000008
1000.4995000000006
1000.4995000000005
1000.4995000000006
1000.4995000000004
1000.4995000000005
1000.499500000001
1000.499500000001
1000.4995000000006
1000.4995000000001
1000.4995000000004
1000.4995000000004
1000.4995000000004
1000.4995000000006
1000.4995000000006
1000.4995000000006
1000.4995000000004
1000.4995000000006
1000.4995000000009
1000.4995000000008
1000.4995000000008
1000.4995000000007
1000.499500000001
1000.499500000001
1000.4995000000013
1000.4995000000013
1000.4995000000009
1000.4995000000009
1000.4995000000008
1000.4995000000008
1000.4995000000009
1000.4995000000007
1000.4995000000008
1000.4995000000008
1000.4995000000008
1000.499500000001
1000.499500000001
1000.4995000000011
1000.4995000000009
1000.4995000000008
1000.4995000000005
1000.4995000000007
1000.4995000000007
1000.4995000000006
1000.4995000000008
1000.4995000000007
1000.4995000000007
1000.4995000000009
1000.4995000000009
1000.4995000000008
1000.4995000000009
1000.4995000000013
1000.4995000000013
1000.4995000000013
1000.499500000001
1000.4995000000007
1000.4995000000008
1000.4995000000008
1000.4995000000007
1000.4995000000005
1000.4995000000005
1000.4995000000002
1000.4995000000002
1000.4995000000007
1000.4995000000006
1000.4995000000008
1000.4995000000008
1000.4995000000004
1000.4995000000001
1000.4995000000004
1000.4995000000004
1000.4995000000004
1000.4995000000001
1000.4995000000004
1000.4995000000001
1000.4995
1000.4994999999999
1000.4995000000001
1000.4995000000002
1000.4995000000002
1000.4995000000001
1000.4995000000004
1000.4995000000006
1000.4995000000008
1000.499500000001
1000.4995000000014
1000.4995000000013
1000.499500000001
1000.4995000000008
1000.4995000000006
1000.4995000000006
1000.4995000000005
1000.4995000000008
1000.4995000000006
1000.4995000000002
1000.4995000000004
1000.4995000000004
1000.4995000000005
1000.4995000000004
1000.4995000000006
1000.4995000000008
1000.4995000000004
1000.4995000000007
1000.4995000000006
1000.4995000000004
1000.4995
1000.4995000000004
1000.4995000000005
1000.4995000000004
1000.4995000000005
1000.4995000000006
1000.4995000000007
1000.4995000000005
1000.4995000000002
1000.4995000000002
1000.4995000000001
1000.4995000000002
1000.4995000000005
1000.4995
1000.4995000000001
1000.4995000000006
1000.4995000000009
1000.4995000000008
1000.4995000000007
1000.4995000000009
1000.4995000000009
1000.4995000000009
1000.4995000000006
1000.4995000000004
1000.4995000000006
1000.4995000000008
1000.4995000000006
1000.4995000000005
1000.4995000000004
1000.4995000000005
1000.4995000000004
1000.4995000000009
1000.4995000000006
1000.4995000000004
1000.4995000000005
1000.4995000000005
1000.4995000000004
1000.4994999999999
1000.4995
1000.4995000000001
1000.4994999999999
1000.4995
1000.4995000000001
1000.4994999999998
1000.4994999999999
1000.4995000000001
1000.4994999999999
1000.4995
1000.4995000000002
1000.4995000000006
1000.4995000000007
1000.4995000000008
1000.499500000001
1000.499500000001
1000.4995000000011
1000.499500000001
1000.4995000000007
1000.4995000000005
1000.4995000000005
1000.4995000000004
1000.4995000000008
1000.4995000000006
1000.4995000000007
1000.4995000000001
1000.4995000000002
1000.4995000000002
1000.4995000000001
1000.4995
1000.4994999999999
1000.4995000000004
1000.4995000000002
1000.4995000000001
1000.4995000000004
1000.4995000000001
1000.4994999999999
1000.4994999999998
1000.4994999999996
1000.4994999999994
1000.4994999999997
1000.4994999999994
1000.4994999999998
1000.4995000000001
1000.4995000000001
1000.4995000000004
1000.4995000000004
1000.4995000000005
1000.4995000000004
1000.4995000000002
1000.4995
1000.4995
1000.4995000000001
1000.4995000000004
1000.4995000000005
1000.4995000000009
1000.4995000000008
1000.4995000000008
1000.4995000000007
1000.4995000000007
1000.4995000000008
1000.4995000000007
1000.499500000001
1000.499500000001
1000.4995000000006
1000.4995000000007
1000.4995000000007
1000.4995000000004
1000.4994999999997
1000.4994999999997
1000.4995000000001
1000.4995
1000.4995
1000.4994999999998
1000.4994999999997
1000.4994999999997
1000.4994999999999
1000.4994999999999
1000.4994999999998
1000.4995000000001
1000.4995000000005
1000.4995000000007
1000.4995000000008
1000.4995000000009
1000.4995000000011
1000.4995000000008
1000.4995000000006
1000.4995000000004
1000.4995000000001
1000.4995000000002
1000.4995000000002
1000.4995000000001
1000.4995000000001
1000.4995000000002
1000.4995000000001
1000.4995000000004
1000.4995000000004
1000.4994999999996
1000.4994999999999
1000.4995
1000.4994999999998
1000.4994999999996
1000.4994999999992
1000.4994999999997
1000.4994999999997
1000.4994999999997
1000.4994999999994
1000.4994999999993
1000.4994999999993
1000.4994999999992
1000.4994999999991
1000.4994999999997
1000.4994999999991
1000.4994999999997
1000.4995000000002
1000.4995000000006
1000.4995000000008
1000.4995000000007
1000.4995000000006
1000.4995000000009
1000.4995000000008
1000.4995000000006
1000.4995000000007
1000.499500000001
1000.4995000000004
1000.4995000000005
1000.4995000000005
1000.4995000000002
1000.4995000000006
1000.4995000000005
1000.4995000000001
1000.4995
1000.4994999999993
1000.499499999999
1000.4994999999986
1000.4994999999997
1000.4994999999999
1000.4995000000004
1000.4995000000002
1000.4995000000008
1000.4995000000004
1000.4995000000011
1000.4995000000009
1000.499500000001
1000.4995000000006
1000.4995000000006
1000.4995000000001
1000.4995000000008
1000.4995000000007
1000.499500000001
1000.4995000000007
1000.4995000000005
1000.4995000000007
1000.4995000000008
1000.4995000000007
1000.4995000000009
1000.4995000000008
1000.4995000000011
1000.4995000000011
1000.4995000000014
1000.499500000001
1000.4995000000008
1000.4995000000001
1000.4995000000008
1000.4995000000018
1000.4995000000013
1000.4995000000005
1000.4995000000001
1000.4994999999998
1000.4994999999993
1000.4994999999998
1000.4995000000005
1000.4994999999999
1000.4994999999997
1000.4994999999998
1000.4994999999993
1000.4995000000002
1000.4995000000007
1000.4995000000002
1000.4995000000015
1000.4995000000015
1000.4994999999997
1000.4995000000009
1000.4995000000006
1000.4994999999999
1000.4994999999998
1000.4995000000017
1000.4995000000007
1000.4994999999999
1000.4995000000006
1000.4995000000001
1000.4995000000005
