100
981 596 237
476 -560 495
-471 -458 -395
970 711 345
-411 -338 9
852 -564 618
222 -241 836
621 959 463
901 -797 415
27 -946 540
-897 529 831
-370 24 -727
-368 105 319
-145 281 712
232 -114 -961
78 -828 -275
613 -388 867
-984 193 -634
889 -879 -347
616 34 -393
-177 -976 -820
-548 930 -824
848 357 -199
-750 19 589
-104 -278 963
989 734 -678
760 479 -993
-460 -548 -491
-739 836 834
198 -257 -691
-922 -836 487
172 -706 769
884 336 -878
-779 787 -427
-213 -876 615
-685 -487 -38
185 53 50
-578 -163 -180
92 47 813
-319 495 694
828 855 -455
208 443 834
902 -762 -671
-360 798 -492
-364 375 556
629 856 -199
-960 919 745
718 -895 -819
-939 -342 -895
-838 -892 -582
426 572 -203
-986 989 -590
995 -273 478
64 -35 599
879 -179 -8
427 -575 237
192 857 996
459 799 -572
980 -795 172
-393 24 -850
532 779 735
528 257 -979
227 802 -744
493 -722 -905
45 891 -355
448 798 -475
125 972 -903
-91 -782 241
-823 -635 -461
75 367 -432
850 -522 38
-517 -914 -589
-706 -931 237
-903 983 447
1 -555 -385
757 820 -584
377 19 756
420 440 -458
-725 -127 207
517 -926 -417
-6 158 955
542 -954 703
752 865 -853
-531 178 -591
22 -191 695
571 -908 468
-267 -325 403
-668 -558 198
-681 517 -302
238 91 -442
656 -339 420
-71 594 256
687 -450 -651
409 223 -232
987 302 261
-765 178 -574
-128 688 585
-351 987 -651
173 -482 -122
-96 345 286
262 171 -95
-349 604 -660
330 518 -587
-419 6 556
117 -506 -154
901 804 98
859 -969 -736
-258 494 -514
549 -199 750
-422 -257 -197
-540 -852 -114
-115 55 167
-822 -651 446
628 758 -929
-621 -53 601
854 -203 485
-718 504 679
-912 885 -976
734 -386 -307
-562 878 523
-614 948 -278
719 -99 -799
727 -463 549
-347 -939 -13
-134 168 534
-345 217 -677
484 -675 72
177 574 898
126 810 746
-412 -909 468
198 377 -2
839 -700 -105
-242 -871 -465
487 984 -307
-744 651 358
135 -330 -929
712 -411 -210
-829 860 745
-452 -64 -776
336 143 784
570 -875 -69
-84 785 -723
444 -736 712
701 270 -818
-883 -239 -186
210 -999 -15
590 614 -761
362 111 225
211 894 820
443 12 -352
702 -303 -792
-287 -652 255
946 -739 -41
-960 -580 111
-427 29 -573
541 360 435
21 -102 397
-962 -285 914
-756 -273 925
836 535 -729
-853 544 955
867 634 -96
749 -358 -935
-490 -329 -318
-374 -121 -924
702 799 38
826 904 -985
104 -284 268
-801 -580 -198
-713 883 30
848 123 221
-85 556 -609
872 765 -56
20 -624 613
-968 -204 -87
-521 -103 794
981 -782 -291
194 142 -662
-840 151 577
-561 982 -568
-292 -190 -755
-897 -773 -725
53 -316 999
706 926 -957
-142 -329 -397
-967 -850 -564
-997 -639 791
-602 708 -85
301 -164 -671
550 731 -196
273 -149 204
-378 420 -580
244 402 637
-683 -628 548
379 -193 921
268 -325 575
-785 -634 856
289 609 595
900 859 -654
79 191 -239
785 802 -296
983 -10 474
-412 474 -460
-894 -143 471
842 584 -746
349 109 518
541 190 -726
335 673 -865
-176 -191 -126
509 -325 -309
-820 536 221
-783 407 -487
-127 -915 -325
-695 -303 -56
-353 874 328
719 -320 -423
-954 511 -541
-810 -361 -185
-552 -335 -656
-402 -536 630
-115 -598 -176
105 945 -148
-172 -209 -843
922 650 913
65 821 213
-934 -319 519
-845 -327 561
-630 882 431
-973 349 -76
-765 126 243
517 -299 -546
389 488 -190
682 -18 598
-870 167 384
203 725 42
-742 723 -326
350 -180 359
-42 -160 800
-625 -46 379
731 869 -372
-962 -862 -252
-15 -109 1000
-134 -444 336
244 -376 964
-987 -248 911
-412 684 117
-497 -13 26
872 37 -454
897 671 -576
494 -625 879
-730 -446 -578
992 -824 -938
-38 44 97
524 -154 -69
206 46 458
810 145 9
160 -879 -348
-309 -70 981
-817 80 -327
-695 -5 203
-682 -649 232
470 98 692
-229 -623 563
-168 998 -42
322 -80 698
726 103 -789
-88 970 244
-913 -961 701
747 -597 -26
-970 -125 696
-561 -77 264
42 -655 850
-179 41 -188
-728 175 424
592 473 462
-517 -393 -882
385 -858 486
787 -273 -244
-908 313 -783
196 466 -714
597 -369 -574
-867 871 379
574 175 -136
-697 855 225
166 -488 740
-957 309 -584
301 -163 -120
-282 141 -880
312 -139 -756
-728 -813 838
462 449 244
-423 -573 -611
-128 -278 746
379 -584 -349
-953 -392 -973
-792 967 -435
-519 -547 -619
-178 899 831
668 781 -30
-663 915 -603
