1000
1 23 28
41 32 82
51 16 84
37 92 57
5 95 26
37 3 58
75 97 39
73 35 23
15 74 4
56 6 32
100 54 94
31 15 100
0 55 55
69 25 52
41 5 75
16 53 10
4 79 33
74 77 38
10 9 17
7 55 85
49 42 78
17 43 82
19 59 93
0 20 21
54 13 86
39 43 22
68 88 5
55 48 15
16 86 46
25 65 34
22 45 39
0 42 24
70 91 100
9 77 77
23 65 87
84 70 75
67 23 25
35 68 35
52 27 3
55 93 15
75 18 15
91 41 56
73 5 80
35 87 31
75 53 41
50 22 62
17 73 94
32 74 85
56 80 4
98 85 64
34 9 32
3 75 98
34 29 29
82 89 7
75 68 11
34 44 91
19 77 72
0 10 42
73 79 96
75 46 17
60 100 78
7 25 48
30 9 85
9 3 8
87 37 94
91 63 31
67 43 16
85 12 5
51 65 58
5 20 37
80 80 99
65 42 19
38 100 15
29 90 66
8 2 87
38 91 22
63 90 6
5 36 8
85 85 34
44 5 97
54 73 68
84 38 75
28 46 55
17 79 13
48 86 21
30 5 25
1 54 73
42 63 85
84 5 4
34 67 6
16 81 32
0 65 91
51 82 15
18 75 3
25 74 22
50 96 59
99 77 4
72 36 27
67 1 56
40 9 35
92 38 94
27 69 53
82 32 14
21 57 20
66 15 25
100 33 89
73 6 68
49 47 74
71 28 11
59 8 29
37 24 17
39 68 89
63 38 11
11 32 65
1 81 66
96 74 56
60 81 24
52 37 89
67 95 83
93 24 72
94 11 37
77 41 62
82 56 91
88 27 3
10 22 55
63 97 5
23 7 3
77 46 98
95 44 79
100 27 67
90 67 82
17 63 22
73 7 6
36 42 44
8 78 93
35 16 42
82 97 70
93 40 71
33 60 68
25 17 18
27 5 38
55 65 61
100 6 94
50 22 86
1 87 21
100 91 42
10 72 100
87 81 48
17 89 70
6 56 93
72 15 93
9 70 2
42 62 90
54 31 99
28 11 21
26 20 90
24 81 77
100 35 40
79 94 60
83 39 80
23 60 91
98 4 46
23 7 39
73 4 82
83 81 21
29 72 80
87 28 17
31 37 19
33 56 65
65 77 35
98 55 70
52 33 14
100 1 1
23 79 47
88 56 9
67 89 59
85 71 33
79 4 33
45 12 15
73 41 26
78 28 94
79 74 13
74 24 4
60 24 94
84 90 42
21 28 21
8 7 32
70 70 72
16 5 23
97 44 64
39 85 37
38 18 100
42 8 52
81 53 85
31 11 98
82 28 71
58 63 62
52 27 39
72 98 89
84 48 1
61 34 14
15 100 82
79 31 94
4 80 61
34 74 94
47 2 34
51 26 61
62 87 92
69 26 21
88 7 40
28 95 81
78 84 95
96 23 79
57 27 68
49 2 81
6 53 79
32 71 93
78 12 41
39 5 87
17 2 33
57 66 7
3 89 85
46 60 87
29 36 86
70 35 42
76 9 32
53 61 85
98 23 27
1 94 5
42 13 34
32 43 54
88 55 34
66 90 100
37 33 85
55 32 37
51 16 83
6 57 10
1 69 27
99 97 98
93 61 47
48 64 69
10 19 4
55 82 21
74 86 67
89 48 41
84 18 41
40 32 40
93 91 57
89 80 24
97 10 91
37 13 100
49 18 95
97 37 34
43 99 74
6 68 91
89 21 73
85 73 67
17 52 13
84 26 67
65 69 32
28 75 45
4 95 82
37 87 64
78 71 68
44 33 42
23 66 83
86 75 33
61 11 61
51 61 55
77 89 85
36 69 53
100 90 10
23 7 57
84 58 56
35 8 16
31 90 6
12 7 78
61 29 41
18 57 73
17 24 45
4 42 74
72 45 65
99 3 95
22 28 37
3 82 67
67 94 53
61 87 41
35 55 63
22 4 96
77 91 2
78 92 39
94 29 22
56 35 42
72 69 8
67 88 33
24 26 19
41 62 75
68 55 29
33 70 76
53 97 9
84 40 70
93 21 57
81 40 43
29 2 60
22 2 57
1 23 57
84 63 23
89 80 48
45 3 87
13 62 69
62 18 5
34 5 87
25 93 2
90 78 19
15 27 85
97 58 73
58 20 22
35 64 17
97 88 98
66 43 12
43 44 59
57 53 73
23 76 96
93 85 66
82 24 95
95 20 58
26 4 85
59 43 87
16 35 59
46 13 25
98 31 67
33 17 14
20 60 5
42 93 63
91 24 30
71 52 15
51 52 94
41 88 72
99 13 4
87 20 40
0 54 4
57 28 81
100 37 76
53 89 74
68 76 65
85 96 27
5 85 97
17 69 21
49 86 5
27 86 68
92 7 98
24 100 35
16 20 69
10 87 38
90 47 68
11 69 57
19 95 1
48 48 69
43 97 35
17 36 76
35 35 60
98 6 75
11 97 8
25 24 95
14 60 30
97 7 12
70 100 38
47 8 15
26 63 84
25 2 9
85 9 98
82 19 81
91 25 16
0 20 25
2 47 93
75 55 81
22 75 38
30 83 16
16 20 13
80 22 42
80 78 67
61 12 61
10 55 27
39 39 55
71 35 27
88 40 84
99 70 27
95 88 7
31 3 8
37 17 62
37 26 33
47 66 45
33 44 96
76 45 72
42 58 87
68 31 60
89 48 39
23 17 75
32 27 27
75 52 73
59 98 12
76 27 10
32 60 75
6 45 79
45 94 28
4 99 34
87 63 13
36 41 40
2 57 53
20 60 75
77 31 9
35 29 87
93 6 84
30 15 68
79 67 41
73 91 41
83 77 15
2 94 46
40 29 19
87 12 14
58 99 46
73 9 85
67 14 93
19 87 86
15 40 98
94 62 11
78 22 46
54 36 40
70 29 55
62 46 1
16 58 42
13 55 55
23 74 80
0 34 29
66 92 12
28 43 83
13 15 91
100 64 45
67 10 77
66 89 30
4 1 83
85 2 99
56 91 37
98 69 74
55 3 20
74 29 63
72 96 80
56 57 34
22 54 16
5 92 68
60 83 20
59 82 94
65 46 89
2 36 39
67 7 97
65 83 43
93 37 34
73 100 14
81 58 33
34 78 21
19 77 96
51 72 5
45 54 78
3 8 88
21 60 67
58 20 9
42 67 86
91 9 77
41 58 27
27 61 19
88 45 37
25 85 66
49 73 97
74 98 45
35 45 55
69 39 59
2 48 25
35 73 75
94 73 33
44 52 32
7 13 7
73 67 79
49 43 41
63 53 74
27 6 1
100 68 14
2 42 20
21 66 14
31 10 68
15 14 85
46 18 82
56 82 23
38 3 52
94 6 97
38 27 52
47 39 84
25 18 17
63 75 34
87 70 20
28 12 87
20 28 98
8 44 91
65 39 45
47 68 48
100 47 93
28 13 37
48 62 3
29 71 99
82 65 54
31 30 58
85 16 71
62 17 79
58 12 24
88 17 98
39 94 64
54 70 59
31 83 25
91 54 60
66 22 24
97 87 65
7 83 47
19 53 6
75 28 25
56 1 93
87 63 16
96 95 29
0 2 42
97 10 17
84 90 1
6 33 77
58 85 42
55 71 46
75 76 37
81 13 32
66 96 69
77 18 99
11 83 30
4 47 5
95 11 94
86 41 9
36 22 35
20 56 69
6 90 18
93 5 46
76 23 47
25 68 86
48 38 28
44 19 7
96 33 27
75 96 31
41 97 37
16 79 40
38 6 39
1 28 70
91 61 19
84 75 56
21 6 39
98 80 87
4 57 29
79 13 6
32 46 61
29 25 59
76 58 19
12 24 3
82 2 69
55 99 81
1 74 53
80 2 41
42 33 100
98 83 39
84 69 3
83 56 97
27 23 72
96 10 58
83 12 56
81 14 29
24 24 77
85 55 91
62 86 17
1 13 64
93 28 75
91 74 34
96 28 17
44 65 58
43 30 26
14 63 94
16 43 68
19 41 36
77 61 9
85 85 71
82 35 76
38 31 43
38 4 1
46 4 73
88 76 98
52 60 75
72 9 77
4 38 5
79 29 41
58 58 81
80 70 89
22 97 31
31 40 41
81 16 88
97 61 94
79 91 11
56 65 95
10 32 14
16 74 2
12 71 89
1 52 5
55 37 9
46 13 67
46 100 80
31 8 81
36 60 91
42 67 14
48 69 67
70 87 37
87 93 35
57 76 70
79 69 11
83 41 63
16 54 82
94 29 61
54 12 86
15 81 30
6 26 84
46 38 10
100 84 72
1 87 71
76 21 60
70 16 5
62 57 13
33 58 9
12 65 66
30 64 33
87 22 56
63 5 13
99 61 22
55 94 27
42 33 8
19 25 7
78 31 43
100 87 47
83 53 23
57 26 71
59 96 91
88 98 54
57 85 91
28 74 83
79 26 26
11 78 3
56 56 52
50 22 39
39 72 57
22 21 46
3 66 73
65 34 26
53 46 81
86 92 88
24 57 38
21 89 97
72 73 82
51 32 31
38 73 58
21 80 63
25 25 97
77 46 25
72 21 28
81 38 96
4 64 60
4 99 54
45 83 96
23 21 97
53 85 73
100 97 2
31 11 66
9 10 84
91 83 54
87 57 12
45 58 33
46 59 25
28 62 38
24 98 37
27 56 28
29 11 42
58 36 22
23 5 33
65 77 76
53 92 12
77 67 94
4 86 31
22 20 89
53 28 74
67 19 16
58 27 76
1 22 6
91 47 20
23 58 58
40 58 61
12 100 82
92 3 36
6 36 66
19 54 59
84 74 99
90 37 82
71 59 9
81 64 71
38 68 94
21 52 78
60 81 83
44 4 23
43 9 84
75 40 70
25 63 58
73 81 29
37 43 86
31 57 62
5 100 52
46 74 16
38 15 17
65 48 46
5 98 52
8 87 8
47 74 14
98 39 27
95 82 27
100 76 79
64 38 29
14 81 78
12 72 83
31 46 91
7 84 22
67 60 99
79 8 72
36 98 27
99 91 5
85 13 84
6 23 99
95 22 15
55 80 45
1 95 53
90 24 63
2 98 62
0 68 90
11 99 92
52 91 16
17 31 57
20 18 1
14 78 60
91 86 25
16 15 64
23 24 41
8 61 41
62 90 75
25 55 35
10 67 92
67 68 52
30 64 56
97 40 45
86 7 52
95 53 33
61 95 87
29 23 13
53 5 47
90 98 72
85 70 9
100 31 47
74 27 60
37 62 67
38 96 19
0 15 62
32 14 83
4 45 66
20 41 6
74 86 76
35 43 32
8 13 21
97 69 86
28 37 95
83 89 31
23 35 44
6 37 12
40 87 59
49 97 30
36 98 30
2 72 59
86 89 75
99 8 69
38 10 22
92 80 87
52 90 42
97 24 78
21 17 22
17 17 24
57 71 100
70 67 75
2 67 55
88 17 100
53 70 66
75 23 60
93 54 6
91 22 82
10 37 85
47 27 8
9 78 90
61 89 91
77 83 58
61 63 52
98 38 32
79 46 84
7 78 53
97 48 53
100 98 41
81 4 75
35 71 80
47 85 3
78 13 34
28 53 36
14 12 58
99 95 91
60 68 69
84 58 8
33 20 79
82 55 91
77 89 75
73 44 1
0 44 99
83 21 71
39 12 84
71 76 48
78 12 26
7 21 17
19 13 36
65 89 98
75 91 13
91 48 60
47 71 80
49 78 52
2 64 93
49 48 55
44 27 57
12 55 55
70 42 40
30 44 90
49 79 11
65 19 26
0 92 67
23 3 100
18 95 60
43 48 99
66 98 21
87 47 83
33 18 17
11 45 87
63 47 47
37 29 63
46 26 68
22 41 17
81 79 13
94 53 82
17 42 4
10 34 82
94 7 87
56 22 38
92 82 14
14 33 90
82 77 39
61 71 58
72 82 11
41 9 44
4 62 87
2 32 95
49 34 10
29 81 85
91 86 32
32 94 82
91 2 12
89 8 11
40 76 92
20 24 95
61 11 30
19 71 93
40 5 31
14 98 61
56 83 72
50 42 68
34 16 89
67 45 84
97 83 99
93 79 38
95 21 59
20 71 63
98 13 29
72 53 57
56 43 8
26 57 61
15 73 20
28 2 36
70 44 46
92 40 17
86 54 55
18 18 95
93 94 28
100 66 13
15 19 12
99 92 60
67 12 75
12 8 16
47 53 21
57 59 38
90 93 62
17 32 44
26 91 40
40 79 88
59 75 48
15 70 53
78 53 78
45 24 72
34 59 57
2 100 54
47 12 95
95 62 96
38 87 35
54 7 5
10 22 75
18 28 91
63 18 95
52 79 8
58 91 89
21 53 4
92 67 54
67 53 15
23 36 86
45 62 57
49 37 81
44 26 6
79 7 62
13 69 20
35 99 22
50 20 90
75 63 74
100 74 54
93 92 92
13 62 100
17 8 18
83 15 78
73 29 39
16 48 34
12 33 57
30 74 67
8 20 80
6 27 73
92 31 9
41 26 27
99 99 99
41 98 74
17 6 40
73 93 3
61 88 67
12 88 91
64 96 55
34 72 48
43 47 33
45 58 69
51 76 26
19 23 85
82 87 30
100 89 79
15 87 67
68 45 5
81 45 30
21 81 30
27 39 58
99 8 47
90 69 64
99 62 71
10 5 43
59 83 100
82 47 46
22 84 76
66 96 69
77 76 20
34 44 71
59 89 41
49 22 17
7 55 65
8 92 17
6 54 76
24 84 57
14 84 31
16 66 92
38 92 85
38 36 53
45 19 56
62 17 11
89 84 47
78 21 43
66 75 25
