100
4 3
4 5 6 4
4 2
4 5 6 4
3 3
1 1 1
100 3
22 4 88 88 19 64 94 19 23 52 82 18 62 94 38 85 7 10 64 15 65 67 49 64 19 28 92 31 7 55 70 80 74 82 29 97 43 79 86 34 92 31 97 7 63 94 79 43 1 74 70 50 7 18 77 25 22 20 66 90 58 26 4 8 55 82 83 52 45 67 43 70 40 20 43 44 64 71 4 7 67 76 31 42 22 61 79 28 74 29 89 8 79 52 88 89 50 18 91 94
100 3
51 38 7 91 55 89 95 64 52 89 5 88 65 28 55 7 8 76 49 67 98 37 54 24 92 38 61 37 68 91 98 61 69 60 31 77 59 43 52 60 4 79 1 94 28 29 37 97 25 46 73 11 85 10 58 55 16 74 64 43 73 83 65 73 1 7 17 22 73 55 16 61 73 61 28 90 49 59 83 23 25 28 14 47 97 55 52 14 81 55 43 32 34 61 7 43 37 83 16 88
1 3
82
100 3
26 29 65 98 32 89 64 32 55 6 14 62 70 9 94 53 54 47 17 55 16 64 59 64 29 79 14 95 45 59 9 90 27 95 83 97 54 52 83 23 66 98 2 14 86 49 76 25 60 8 4 13 1 83 87 73 85 35 88 44 55 29 35 98 86 44 35 54 98 1 59 95 25 28 34 35 17 68 17 37 88 9 11 51 14 71 20 85 47 53 46 8 20 62 18 19 98 26 8 86
100 3
70 73 5 44 7 46 31 49 73 60 88 17 5 61 22 47 38 52 14 50 49 97 7 49 71 98 79 13 3 54 91 4 31 34 47 46 76 16 20 97 7 58 15 7 7 46 17 68 64 47 34 10 85 13 94 59 53 95 85 14 96 55 41 4 58 89 11 19 44 94 13 11 89 27 15 94 22 94 43 72 82 78 63 85 56 38 40 55 1 38 85 17 20 14 50 55 73 74 16 52
100 3
49 57 77 58 79 70 79 94 37 77 35 82 56 94 34 31 56 91 95 94 67 2 52 25 63 53 89 10 4 55 10 52 85 91 84 65 13 57 67 43 30 79 58 92 17 61 61 13 46 93 38 59 97 7 25 98 29 31 95 28 36 79 37 84 37 40 32 53 37 73 43 37 37 70 71 61 4 11 91 49 64 41 70 13 43 25 61 97 14 47 94 40 28 56 68 88 71 21 76 76
100 3
31 25 38 82 58 52 55 40 90 4 7 13 82 17 46 42 88 13 58 25 38 34 17 61 25 19 67 58 61 58 23 46 47 24 49 35 77 52 87 61 70 20 28 79 88 91 64 67 38 56 64 5 34 34 88 86 46 28 83 31 70 70 28 19 68 28 14 91 14 22 22 18 17 70 16 73 79 58 46 71 7 40 65 38 49 56 79 65 85 64 79 22 64 18 55 37 55 79 46 79
100 3
74 71 89 13 98 14 38 87 68 86 95 33 29 52 15 57 49 71 23 38 70 12 59 85 26 32 92 26 90 8 67 58 86 18 17 1 62 74 44 8 16 53 5 83 27 2 27 44 46 91 14 65 68 1 42 67 92 86 31 56 67 83 98 20 26 59 91 63 12 5 35 12 47 26 90 88 84 57 79 98 8 19 74 88 55 65 41 50 56 86 56 41 11 65 32 68 89 79 49 82
100 3
77 36 70 16 19 98 65 46 49 41 13 95 58 65 70 86 28 23 2 96 31 2 72 22 70 5 92 19 36 40 77 32 65 41 10 77 98 53 93 65 41 67 73 71 77 43 26 15 8 52 31 77 62 94 95 58 92 45 32 62 56 56 53 62 88 70 28 49 47 1 35 83 65 86 95 69 65 28 35 37 47 37 2 17 9 50 95 8 85 86 41 20 76 38 93 68 68 53 77 39
100 3
37 95 40 40 94 13 13 55 1 56 22 94 56 70 79 19 80 25 98 97 79 81 1 67 80 65 52 47 25 19 61 67 68 22 34 11 71 37 43 83 8 93 94 94 55 35 94 50 84 61 70 80 69 37 17 55 79 52 47 8 70 68 8 51 85 94 16 40 91 22 52 14 53 4 90 13 11 40 80 50 58 79 41 93 16 40 48 76 47 52 5 58 85 16 2 40 44 52 13 82
2 2
21 87
100 3
61 1 67 78 48 12 19 85 22 47 29 76 3 5 89 46 10 55 22 43 4 13 19 89 91 76 16 91 89 10 61 98 13 10 45 70 4 70 31 50 52 1 22 58 93 25 78 75 73 33 59 79 18 10 20 53 83 34 41 83 84 91 29 65 70 44 22 85 58 97 35 98 64 97 64 14 91 81 61 43 31 68 71 2 43 16 40 4 78 39 34 73 37 92 37 62 97 29 14 7
100 3
71 29 23 49 76 65 93 50 68 50 64 70 57 71 58 58 24 5 8 65 61 62 58 64 7 53 71 21 89 77 12 80 50 35 92 78 23 31 17 5 35 20 59 2 37 92 32 98 41 79 65 4 94 76 42 2 47 26 28 34 19 41 24 40 76 19 69 77 98 40 8 65 69 21 78 71 83 5 44 50 23 7 11 53 46 86 17 46 56 8 56 59 14 95 80 42 31 76 17 32
100 3
41 83 91 29 19 26 94 36 89 25 95 32 38 42 55 4 44 29 85 88 7 95 28 74 1 16 39 16 98 4 37 91 40 81 58 97 82 2 65 31 26 50 95 24 65 28 95 7 85 25 4 2 29 75 64 85 82 4 94 85 53 22 67 61 49 22 14 29 83 13 15 29 43 19 40 19 63 4 5 7 10 40 20 82 59 94 65 65 13 86 65 16 76 31 94 5 94 98 11 71
100 3
25 73 19 47 21 55 97 20 70 61 74 56 42 19 75 49 89 70 4 1 82 94 89 82 29 89 83 59 76 46 60 20 32 76 4 13 30 25 28 22 47 25 1 22 44 15 58 87 13 26 40 13 13 20 77 41 51 35 49 31 8 26 7 92 76 31 25 23 82 86 11 12 82 79 36 87 58 79 10 43 60 83 17 4 7 41 5 61 8 50 73 44 37 43 88 47 8 14 28 46
1 2
35
100 3
97 47 59 28 34 45 22 52 79 68 13 82 88 92 75 79 73 54 91 87 73 62 70 63 8 88 34 25 31 84 64 1 35 97 35 49 97 67 61 58 97 71 61 1 31 24 16 40 41 38 19 28 7 52 92 80 85 46 67 16 85 76 74 37 71 15 40 31 62 95 5 17 95 46 7 77 58 2 7 14 67 86 58 37 48 68 97 10 19 20 55 88 91 58 65 10 91 40 98 67
100 3
35 1 85 10 94 34 97 51 88 56 49 4 65 4 97 97 67 53 5 74 66 58 50 79 47 83 79 97 31 22 1 31 41 35 25 92 3 58 34 14 23 91 4 45 44 46 4 74 49 22 77 76 64 41 2 1 58 34 59 10 98 7 5 71 28 7 13 1 34 87 25 38 1 79 25 88 82 31 68 97 56 15 89 37 59 76 86 19 82 82 19 52 90 85 38 58 31 80 91 67
100 3
59 34 22 70 57 83 89 52 85 35 35 89 56 50 80 41 68 66 92 8 68 86 59 98 16 17 89 2 47 2 11 47 19 68 44 77 20 8 65 74 25 50 70 32 58 23 71 43 74 41 97 79 77 20 77 5 80 37 40 71 97 59 17 83 8 70 87 30 47 16 7 48 53 47 14 29 85 11 11 4 38 47 17 68 32 88 5 31 95 26 48 98 18 53 76 94 70 55 40 59
100 3
33 3 78 44 35 61 64 36 58 20 98 11 65 48 67 64 76 23 9 20 26 91 71 93 62 39 1 48 4 45 19 56 9 22 81 84 54 5 97 6 63 70 41 90 58 3 10 77 55 8 27 93 4 71 22 93 17 84 82 35 28 12 78 31 96 89 14 77 21 28 1 48 53 97 29 70 13 68 56 42 45 65 96 8 28 98 68 43 36 7 87 80 23 97 82 31 74 48 67 80
100 3
43 94 20 97 50 43 65 64 1 43 49 90 67 76 71 77 33 17 37 54 46 40 94 91 17 67 19 49 14 83 84 67 76 96 98 40 76 7 31 79 26 55 35 91 32 98 73 31 49 62 63 70 73 65 58 63 49 49 16 37 31 37 92 46 80 1 61 13 46 19 31 94 13 88 10 20 22 13 88 92 40 55 76 13 19 23 52 53 4 76 19 46 34 76 7 77 40 48 91 29
100 3
68 74 80 91 53 65 36 41 41 16 98 2 29 8 13 81 34 31 63 14 96 30 39 14 89 8 41 26 20 62 17 67 16 86 68 42 55 61 46 67 86 59 93 77 77 29 23 57 68 97 11 5 92 83 85 86 23 98 76 44 59 17 80 68 83 71 35 88 97 77 53 56 20 29 77 53 39 43 22 88 7 8 5 55 29 50 70 74 6 70 68 62 68 34 78 46 64 5 65 29
100 3
34 48 74 46 95 30 56 7 58 37 56 10 79 20 28 49 67 98 19 61 49 16 19 7 70 22 73 92 47 13 80 95 34 28 73 76 85 73 85 44 74 68 82 17 61 51 76 37 25 76 16 26 16 49 50 86 1 55 44 76 70 53 51 16 71 11 40 88 61 61 82 37 53 79 34 52 89 4 75 61 91 82 22 13 44 79 54 83 25 58 7 31 28 7 49 89 13 69 1 28
100 3
8 88 34 71 1 25 85 25 61 10 49 32 31 73 46 58 46 7 25 22 21 58 51 28 40 73 89 54 28 37 7 71 17 70 84 31 22 51 54 55 74 2 2 59 19 76 73 25 55 50 58 82 46 52 76 63 76 1 52 64 50 31 19 77 58 49 59 83 88 29 41 1 19 83 82 16 82 38 79 38 38 7 37 2 22 38 46 51 5 91 19 67 78 10 84 20 17 34 7 7
15 3
95 49 68 88 47 9 23 47 64 16 94 46 25 47 11
100 3
13 28 79 91 76 76 31 74 61 4 59 19 97 28 42 69 46 79 16 53 34 65 96 67 30 64 45 71 43 74 17 31 32 52 49 94 76 4 17 1 7 76 19 37 19 79 34 64 93 91 35 20 64 37 34 38 79 91 61 13 13 40 56 85 38 2 88 97 25 71 77 4 32 1 44 73 10 73 64 76 74 29 63 2 1 5 82 15 73 54 19 28 52 55 43 96 97 76 11 55
100 3
21 2 56 53 71 86 79 8 52 29 50 77 65 61 64 11 23 92 68 73 17 58 52 83 22 5 98 38 77 58 92 70 91 25 31 28 26 20 65 11 44 2 17 37 46 85 41 26 17 40 65 41 63 14 71 91 20 89 11 40 38 79 26 20 71 23 89 23 68 80 25 13 70 61 11 31 12 97 26 62 35 47 23 24 4 58 89 77 71 23 34 55 45 44 83 95 19 56 62 43
100 3
3 53 58 7 97 88 73 90 97 69 80 77 67 76 17 2 85 4 25 1 20 31 19 1 65 81 1 12 32 77 96 59 2 31 97 49 82 31 67 35 19 64 36 86 1 56 73 7 48 94 95 65 52 77 20 52 14 61 64 55 56 46 76 26 89 16 85 53 39 21 71 1 24 4 32 94 92 14 64 85 12 28 52 7 86 61 10 73 95 73 39 7 2 85 94 14 91 55 63 19
100 3
80 25 65 35 20 11 65 77 85 8 68 38 92 70 23 68 70 68 47 74 92 41 41 43 76 59 50 95 22 38 82 73 1 91 83 45 56 44 72 7 68 83 98 10 32 74 44 96 41 38 20 62 85 35 14 51 23 63 88 71 53 85 58 65 89 89 47 33 4 62 29 21 27 83 11 69 49 53 23 19 63 41 57 14 68 71 46 95 38 92 56 68 8 73 9 2 80 17 56 53
100 3
16 94 89 76 25 82 11 30 85 65 59 67 61 97 62 78 68 59 91 64 74 52 1 16 31 52 31 85 25 20 46 12 75 6 7 75 10 64 50 10 67 43 88 21 31 43 81 94 94 94 90 49 83 34 58 22 97 76 61 95 70 13 49 31 58 10 24 91 22 55 4 35 67 10 30 55 13 71 76 41 79 11 69 19 87 4 19 82 43 1 40 19 25 28 54 82 92 23 52 7
17 3
56 82 23 79 40 2 59 22 22 34 20 41 41 41 5 94 31
100 3
34 55 82 18 29 31 56 74 63 22 26 55 97 64 1 64 61 58 5 85 88 37 25 33 44 58 43 47 13 81 4 67 19 52 22 31 13 41 52 85 59 88 13 95 70 8 79 8 46 68 55 24 64 88 4 13 86 46 29 49 7 58 94 37 13 73 19 1 98 59 49 72 17 73 97 20 71 8 64 58 91 25 96 36 16 37 82 14 70 89 89 30 49 7 31 79 31 2 1 52
2 3
86 14
100 3
69 31 17 4 10 3 65 72 64 15 73 61 19 67 80 10 10 76 34 40 61 49 18 54 10 12 46 90 26 67 13 40 85 97 73 10 61 19 41 52 13 17 37 67 46 67 97 37 44 16 14 22 91 1 97 36 25 17 80 32 14 82 78 57 77 23 38 78 40 1 85 7 16 10 95 12 85 58 5 82 76 16 94 35 25 7 46 18 49 1 64 64 47 92 25 73 17 34 64 10
17 3
44 17 20 65 79 44 34 62 14 34 21 47 52 20 13 86 62
100 3
56 67 71 83 45 7 61 16 14 2 65 68 41 61 80 2 32 74 68 62 22 33 43 29 7 98 77 95 53 29 97 62 20 28 20 71 47 16 58 44 63 5 8 98 60 53 88 49 12 95 2 68 14 82 73 29 14 71 31 70 7 65 29 89 72 32 8 67 4 68 21 83 26 96 83 26 44 90 92 71 16 41 38 17 28 15 53 11 12 63 38 77 58 57 16 95 98 39 79 72
19 2
80 52 44 64 2 55 5 57 24 97 3 27 52 32 19 19 96 99 82
100 3
80 92 20 75 92 64 28 10 44 11 68 22 76 89 32 8 80 66 19 74 26 50 59 23 68 8 30 17 80 8 71 73 32 38 26 26 37 74 23 11 13 80 32 53 50 71 94 77 82 82 56 14 72 55 62 47 25 48 19 92 14 38 5 97 35 20 40 73 20 10 17 92 74 68 32 33 32 35 61 28 26 28 94 89 58 37 59 5 11 76 22 72 30 8 18 32 95 74 91 13
18 3
88 10 14 19 39 65 2 97 33 52 25 12 77 78 2 76 35 5
100 3
37 29 4 77 91 13 70 43 87 89 70 5 25 64 67 38 68 76 52 43 52 73 61 15 89 82 65 51 6 19 12 90 42 2 56 40 77 50 40 76 13 45 37 57 62 19 55 43 48 77 49 82 43 52 62 31 67 20 7 19 37 64 19 70 12 49 98 46 13 25 38 2 4 47 56 91 36 39 37 94 34 52 76 23 46 91 50 20 14 83 52 66 67 43 4 91 10 22 22 88
100 3
73 70 35 67 64 11 79 92 40 7 13 43 40 43 43 25 85 96 35 90 87 69 74 58 70 17 73 36 91 38 65 23 22 11 65 10 67 50 13 7 74 85 56 33 20 46 22 96 85 97 37 34 22 19 24 61 1 10 19 70 49 64 73 61 64 61 43 79 20 97 74 32 13 31 85 56 94 28 25 31 58 57 74 40 4 29 88 18 27 53 89 2 88 14 79 71 76 85 13 58
21 3
64 47 11 22 53 31 44 95 2 47 50 21 14 29 20 65 98 89 41 43 58
100 3
38 30 83 44 8 71 94 41 44 92 37 2 26 77 61 82 5 75 18 11 14 34 14 86 41 53 95 75 53 8 77 50 77 53 69 52 95 62 26 77 35 95 15 76 62 55 62 68 17 90 17 11 25 17 19 68 5 27 64 44 83 89 23 62 23 53 53 40 71 17 29 71 7 73 23 46 97 45 29 68 23 25 95 79 31 43 83 69 92 13 32 71 20 41 92 65 95 89 79 95
100 3
8 41 92 65 92 72 98 89 9 23 5 32 82 26 20 50 25 62 34 77 94 98 81 62 8 38 58 38 7 29 44 64 5 70 58 14 88 38 2 92 9 53 72 45 2 40 74 38 25 17 45 95 92 71 56 38 18 5 68 49 86 14 79 44 13 70 37 58 26 35 4 85 20 77 24 82 68 1 83 45 95 75 80 29 53 34 22 46 47 41 10 14 74 83 8 86 64 29 50 10
16 2
11 18 94 20 79 18 98 49 80 72 61 63 42 96 41 64
100 3
47 71 37 68 46 76 49 3 67 5 92 98 80 85 38 5 34 82 92 17 12 83 44 47 82 75 55 8 40 79 98 74 15 8 32 53 98 62 35 16 59 57 71 70 80 56 60 8 89 63 42 95 67 53 35 10 71 92 98 8 2 89 85 23 17 50 67 44 40 11 26 58 46 17 56 89 80 56 8 29 88 49 41 45 9 98 68 71 53 35 65 60 59 9 86 3 11 62 5 1
12 3
58 20 88 80 26 88 23 85 23 52 92 73
100 3
97 70 60 46 64 67 27 40 23 19 79 26 73 28 14 50 97 10 53 66 7 46 37 45 6 22 58 40 88 31 88 5 73 9 37 39 23 19 76 14 67 94 19 16 76 2 9 67 69 2 10 71 34 23 1 86 81 4 49 22 29 80 89 64 41 25 95 11 29 78 28 50 45 97 82 19 66 97 88 79 4 37 16 28 91 81 79 94 70 91 13 39 97 34 58 61 73 12 84 43
23 3
35 62 46 64 13 56 77 85 17 29 31 98 56 74 44 38 43 26 61 50 8 20 53
1 2
30
100 3
64 46 43 36 20 34 98 62 73 44 85 49 29 17 61 59 59 74 25 17 35 2 42 68 20 92 74 43 95 68 80 17 4 74 4 22 41 28 82 79 17 37 53 77 68 43 25 88 59 92 42 41 15 28 5 2 94 68 13 95 10 39 46 26 11 56 20 41 71 75 47 77 41 42 90 14 40 35 62 10 65 20 38 32 73 17 98 77 7 79 71 25 62 80 54 38 83 91 89 15
100 3
89 8 96 83 79 59 17 25 53 11 95 92 58 38 2 26 98 50 58 80 68 8 56 77 68 2 31 86 90 4 74 47 46 50 47 8 32 53 34 74 86 16 59 22 74 85 35 43 19 73 46 65 16 25 64 2 15 29 29 14 38 30 8 98 86 42 4 33 11 40 38 20 29 5 55 68 74 82 86 95 41 34 11 20 35 17 11 5 5 93 82 5 44 92 14 17 62 10 32 53
100 3
66 1 52 85 18 49 36 97 34 38 25 50 79 37 88 23 55 17 58 79 56 73 67 7 83 79 67 44 91 10 7 21 68 22 67 64 28 28 38 47 55 34 34 49 49 71 6 40 14 22 43 84 27 52 62 77 40 59 8 70 86 31 28 79 81 70 2 85 50 31 49 32 9 67 19 52 61 70 92 47 2 31 16 85 70 88 9 74 82 18 96 97 22 32 43 47 22 17 49 82
100 3
25 14 53 48 72 76 13 68 49 67 28 73 40 22 95 95 7 94 1 70 22 22 68 3 58 92 36 35 79 43 52 88 10 77 25 77 97 56 43 46 65 98 98 34 98 88 23 19 29 67 98 86 40 62 11 85 34 11 91 4 22 37 55 47 85 91 85 7 19 61 94 85 69 5 26 42 45 91 28 41 13 91 76 28 26 26 87 82 2 41 61 5 71 88 19 56 10 92 25 22
100 3
17 50 42 61 92 14 67 76 32 44 26 27 64 16 31 91 4 61 98 22 11 56 40 10 36 67 12 34 76 76 91 9 94 8 95 4 73 76 7 12 10 89 82 79 6 16 88 58 61 76 16 25 10 37 95 68 28 13 53 59 85 68 38 43 67 37 75 80 82 50 22 96 53 88 58 16 2 79 82 98 86 53 32 43 1 43 56 61 6 24 10 45 94 60 46 7 4 70 26 40
100 3
35 80 6 87 32 86 77 93 17 16 35 44 47 23 47 56 92 35 4 46 41 23 35 71 96 44 32 61 52 34 32 35 26 24 98 5 71 88 2 87 89 65 17 22 16 8 56 55 31 65 62 50 53 64 51 25 35 74 2 16 11 91 50 65 94 11 65 88 53 55 61 28 58 71 98 62 47 71 33 78 11 80 8 89 11 38 26 58 4 98 95 26 5 62 44 17 83 38 93 32
100 3
49 68 79 85 2 30 31 35 77 13 93 19 58 38 32 71 79 83 98 11 59 55 38 11 5 41 98 7 71 24 29 52 71 23 77 55 65 38 23 10 52 78 85 95 34 68 66 23 50 82 41 86 92 53 97 70 98 49 62 14 43 82 68 41 24 53 98 53 27 26 68 67 14 77 44 65 14 13 91 61 56 42 34 94 17 76 14 54 65 85 26 14 16 90 97 20 80 86 4 56
100 3
50 71 57 16 34 49 36 82 61 18 19 91 19 61 67 7 22 68 4 58 49 45 10 46 45 42 18 97 97 38 80 1 8 46 12 64 19 43 29 71 37 26 20 58 32 73 70 94 55 19 15 76 46 19 89 39 62 22 50 47 95 53 41 29 79 7 26 52 52 77 47 2 76 74 57 61 90 28 14 60 38 35 10 52 74 85 92 77 88 98 44 65 29 85 37 17 34 71 88 11
100 3
38 4 11 19 8 85 34 64 29 46 25 68 35 71 92 44 89 98 65 65 88 87 41 71 95 59 10 9 2 5 52 61 55 12 56 35 14 74 74 24 5 98 4 59 80 91 58 56 77 23 37 86 41 68 49 85 14 80 34 7 38 95 98 28 31 62 45 38 8 50 26 49 2 75 56 48 95 10 8 83 80 78 62 90 2 26 29 14 50 22 73 30 74 89 37 29 2 88 34 76
100 3
2 61 5 8 41 18 1 80 71 64 68 61 95 65 83 82 87 5 72 47 62 82 4 11 50 24 14 16 67 44 16 44 98 76 23 83 71 26 98 58 55 68 89 59 68 52 80 56 50 71 19 52 32 35 65 55 20 31 68 59 41 20 74 8 86 11 2 91 47 44 82 38 14 82 38 50 53 70 20 71 16 14 17 1 44 77 53 62 21 19 23 76 16 83 13 48 65 85 11 5
100 3
94 70 58 74 58 53 4 29 31 5 64 95 19 29 62 71 88 1 92 4 61 82 1 68 34 26 59 88 50 4 68 8 19 29 47 61 7 1 59 71 17 7 44 70 86 29 88 43 4 50 1 47 56 5 86 29 50 91 49 62 64 4 37 43 88 71 52 92 4 49 47 76 52 85 70 38 29 92 14 71 95 7 64 73 25 19 20 53 58 7 17 38 41 2 76 17 17 86 46 5
100 3
85 82 44 78 36 29 26 4 70 31 43 82 70 4 40 70 97 74 9 21 48 90 33 14 16 13 12 59 25 89 34 24 7 61 79 60 69 92 85 45 97 92 44 64 13 29 10 40 67 75 43 52 22 55 88 29 70 31 92 86 28 31 13 13 17 56 70 65 52 63 68 97 88 10 70 24 5 82 24 60 78 4 94 70 25 21 2 80 16 70 97 71 72 88 46 67 31 59 94 61
100 3
42 35 61 1 19 59 68 70 79 92 23 70 44 43 2 77 65 4 46 7 8 95 31 77 38 94 68 80 41 37 61 59 9 84 77 23 19 35 11 88 60 34 79 59 67 70 2 50 18 42 5 35 28 31 59 5 13 11 67 68 17 5 98 29 19 30 87 58 41 92 14 74 28 44 26 76 82 82 8 91 69 44 21 93 83 32 65 89 56 77 58 25 46 59 65 28 39 32 37 25
100 3
88 10 49 8 91 1 51 40 61 52 82 65 37 88 31 34 44 70 1 97 86 16 7 95 90 58 43 34 13 19 10 40 22 83 94 98 85 2 7 64 31 48 45 14 80 10 49 35 30 29 49 17 25 73 20 70 85 37 55 31 96 79 47 44 12 86 19 85 88 27 79 12 79 60 31 76 56 92 22 55 41 33 10 95 16 68 35 91 58 26 13 88 96 4 58 25 76 77 22 1
100 2
26 80 58 69 51 5 45 92 67 46 81 62 14 37 53 59 5 12 93 14 64 25 64 34 37 93 31 66 97 93 94 29 29 40 9 23 90 97 36 94 8 24 64 11 99 40 18 55 67 67 82 35 32 28 36 54 6 7 45 88 27 58 42 54 50 82 16 29 11 69 33 33 49 49 9 94 23 71 6 98 60 2 72 10 13 23 19 62 29 17 88 45 81 14 84 60 34 47 20 93
100 3
32 26 5 59 45 92 32 5 75 47 93 2 82 17 76 53 44 44 79 60 23 70 64 53 29 59 2 83 53 73 2 32 59 62 95 47 83 27 38 90 74 29 2 39 79 50 44 71 42 29 50 65 88 37 80 70 32 55 61 10 14 74 46 89 34 26 31 52 43 17 71 57 86 69 41 42 24 83 2 49 98 71 88 86 68 27 5 83 74 80 14 44 53 59 44 71 53 62 18 31
21 3
87 85 57 84 8 5 11 2 61 47 31 79 66 60 41 52 86 13 86 68 95
100 3
16 34 80 71 97 28 89 70 37 87 2 25 2 79 19 70 13 19 37 58 28 72 4 64 88 79 32 49 62 83 26 16 10 91 4 19 67 46 46 31 76 10 8 79 22 36 58 76 37 44 44 15 62 67 40 52 37 68 5 8 41 37 14 81 61 85 28 74 3 74 32 25 41 81 43 46 81 97 26 16 94 16 32 22 25 35 74 1 27 6 19 48 8 46 85 79 47 48 65 71
100 3
61 37 13 97 13 51 49 68 7 19 79 61 37 66 36 11 22 21 31 20 85 62 1 49 14 40 47 18 40 70 43 38 14 79 91 5 94 4 28 47 58 50 28 58 85 1 85 16 88 25 1 35 31 71 43 97 91 94 78 48 88 34 61 89 35 16 71 25 10 76 31 67 46 34 2 75 28 25 84 38 56 85 76 65 22 16 74 71 74 8 88 10 28 13 76 25 28 58 87 17
21 3
52 80 89 10 55 19 46 22 25 52 22 97 53 68 38 67 17 37 22 50 67
100 3
52 5 22 68 11 56 14 1 56 60 57 74 87 56 56 38 37 64 40 79 5 64 65 62 56 79 74 90 62 41 47 2 88 74 3 5 79 17 38 74 89 88 52 14 36 13 94 17 23 16 72 39 70 55 68 2 7 82 80 52 29 20 8 44 82 65 14 71 29 56 68 47 2 14 38 38 17 97 37 31 19 50 19 95 13 95 29 73 94 32 4 53 36 22 17 89 20 50 95 61
100 3
86 77 95 8 58 84 49 74 7 50 83 94 83 19 70 7 56 67 5 19 91 8 40 22 20 70 94 29 67 68 82 40 95 41 53 56 83 70 53 5 11 14 44 89 13 80 50 98 77 98 98 91 71 68 95 13 91 1 77 67 26 17 4 65 42 25 67 35 80 45 49 79 1 52 29 89 72 98 75 14 28 4 83 55 62 46 53 79 26 17 50 97 92 74 71 47 2 46 31 35
22 3
20 37 24 96 4 32 19 62 38 60 68 74 22 2 86 50 56 6 52 49 2 86
1 3
69
100 3
14 47 61 11 56 62 37 65 49 20 68 39 86 29 32 17 85 5 49 68 25 49 81 28 50 34 89 10 65 89 49 68 20 56 64 83 7 91 13 5 16 68 5 11 4 56 62 81 58 47 73 14 11 18 73 73 22 11 47 10 82 71 1 20 81 95 29 41 84 64 77 89 71 14 17 35 17 53 20 86 65 89 52 80 19 70 14 38 1 47 34 13 68 34 67 2 11 77 62 74
100 3
59 64 79 86 7 66 41 5 44 26 57 96 38 40 68 38 65 8 77 55 9 80 10 50 44 74 58 76 19 8 54 47 91 94 35 35 88 80 68 38 58 29 50 28 16 68 44 44 8 95 38 62 5 39 92 90 73 88 20 14 14 88 83 97 38 8 30 32 65 94 43 98 23 47 49 88 95 83 76 44 92 55 55 35 20 49 28 40 5 41 34 56 64 29 50 6 84 87 35 26
3 3
83 86 17
100 3
28 20 7 71 54 65 14 28 37 26 76 16 41 32 26 35 91 15 40 92 13 5 10 65 26 71 95 23 48 48 28 77 47 44 56 28 68 82 91 17 47 95 52 20 76 97 23 64 68 41 36 31 59 92 80 16 87 11 31 65 8 23 77 80 29 50 69 6 20 89 29 56 14 71 59 90 11 30 49 49 91 68 87 53 2 70 44 43 89 98 83 5 86 86 25 55 74 67 26 65
100 3
86 73 55 23 23 64 46 34 79 69 79 66 55 4 16 25 79 38 61 35 70 8 75 61 2 16 28 40 5 20 76 36 43 82 2 40 28 33 85 50 23 86 82 89 1 89 86 50 35 70 37 65 76 18 89 64 79 2 12 8 8 60 91 14 73 86 79 85 79 94 17 15 40 28 28 58 52 46 92 22 82 37 5 76 89 46 38 79 52 40 19 5 2 73 53 91 8 13 62 50
100 3
26 41 76 14 11 86 62 62 98 94 52 89 25 59 82 62 4 82 35 73 89 36 80 11 5 8 68 74 55 59 2 89 71 83 8 80 11 28 88 8 70 84 24 61 28 83 73 41 17 5 56 55 46 74 5 39 37 38 47 51 16 92 23 29 31 89 14 74 2 37 17 79 64 82 20 23 74 61 41 8 8 98 44 68 89 40 89 29 2 37 41 31 54 15 77 26 62 17 59 7
100 3
91 76 25 40 37 62 65 88 47 79 11 82 32 80 34 10 25 56 97 89 20 31 38 70 38 46 23 82 22 5 11 34 38 68 2 35 70 74 79 16 44 71 71 2 41 5 68 59 68 91 68 43 50 17 2 23 50 20 88 23 85 76 2 74 49 43 7 80 55 89 32 11 26 88 25 98 64 29 7 40 94 5 59 82 55 20 25 79 71 59 86 71 77 73 17 88 68 73 22 76
100 3
73 97 15 5 25 76 65 44 11 59 23 20 44 58 84 44 56 89 85 74 11 94 91 28 35 61 13 34 7 3 86 13 84 79 28 71 98 13 23 59 32 20 26 26 86 16 8 32 17 69 96 14 59 56 39 14 98 62 30 80 56 88 10 55 73 95 13 3 76 89 50 88 42 80 3 61 88 32 37 12 83 53 10 5 82 65 20 71 61 10 38 55 3 83 76 5 5 12 89 32
100 3
66 69 44 11 47 10 91 19 59 73 13 73 65 73 83 67 13 61 41 5 70 82 40 8 71 58 86 97 10 10 4 58 4 17 43 75 65 98 46 9 25 33 1 72 4 34 7 58 42 29 76 48 26 16 32 49 25 7 16 58 31 41 26 46 94 74 4 98 3 71 98 44 98 15 47 73 91 4 7 25 43 22 29 73 92 59 82 1 66 91 50 88 58 49 31 33 74 73 18 73
15 3
73 29 74 28 35 38 1 16 9 10 40 32 87 58 59
100 3
26 2 32 86 19 26 29 61 82 5 65 92 2 59 71 83 50 1 57 71 47 28 41 95 95 89 17 67 8 27 98 83 2 17 35 95 23 19 40 60 20 4 43 97 56 68 65 70 98 83 35 8 41 7 74 87 8 62 35 57 50 65 17 5 53 53 36 60 19 71 8 89 34 35 37 20 55 68 36 92 89 97 89 11 79 35 5 53 20 7 68 19 46 17 47 20 22 44 5 80
16 3
50 31 79 80 65 44 47 19 1 2 73 40 28 2 62 30
1 3
11
100 3
31 45 3 44 62 53 50 28 53 78 79 41 91 55 50 64 74 86 2 37 20 59 98 17 26 31 20 26 97 83 71 7 11 65 76 83 12 14 23 44 62 71 1 17 66 23 41 55 47 13 18 83 54 75 44 20 93 37 41 92 93 18 88 86 23 23 85 38 29 23 35 29 10 55 20 56 35 70 43 62 65 26 58 32 49 77 83 92 94 46 45 50 95 89 46 37 54 6 47 22
100 3
68 50 35 80 8 44 92 46 98 5 47 45 23 38 11 58 1 10 59 65 86 5 92 68 62 29 23 65 52 95 62 35 8 98 59 56 23 79 11 32 76 60 53 53 16 27 28 53 34 68 98 92 29 38 65 6 9 17 17 34 13 87 74 65 41 17 41 33 46 92 7 2 44 65 83 11 14 46 45 71 36 58 28 7 31 56 26 69 91 35 28 7 12 41 62 45 2 95 38 70
100 3
64 66 34 80 53 47 5 74 32 23 80 55 94 22 5 73 32 73 52 89 92 76 95 84 55 62 62 8 61 59 74 32 23 77 41 83 59 11 54 83 23 83 23 15 31 20 83 66 59 38 56 56 95 77 85 58 98 14 71 62 37 2 50 38 59 56 47 88 28 53 81 56 98 83 89 62 26 44 52 92 28 92 80 20 7 44 53 56 77 91 46 37 47 20 85 53 4 98 17 26
100 3
54 67 83 49 95 56 51 17 86 90 74 14 52 92 42 94 56 7 8 2 35 74 85 24 31 38 47 62 22 71 1 53 43 85 65 68 83 56 29 54 32 95 74 17 88 16 86 14 12 10 52 47 32 59 65 47 35 23 37 73 59 68 59 95 74 56 41 32 44 8 26 35 2 21 8 77 71 29 14 56 19 15 62 26 11 30 56 41 89 84 39 68 98 3 74 45 77 34 95 35
100 3
4 34 23 38 61 7 50 59 91 52 69 59 8 76 53 67 13 35 32 74 71 76 89 5 62 52 5 34 26 76 47 17 92 59 69 41 52 16 77 73 2 50 62 46 89 74 34 45 56 1 94 74 89 7 7 20 31 77 38 73 8 36 53 10 6 14 35 88 33 92 74 40 98 62 23 86 75 50 74 11 11 68 32 62 78 7 45 80 8 52 41 62 70 1 74 56 83 38 35 59
2 3
82 43
100 3
94 80 1 58 70 52 25 7 70 63 48 90 55 9 76 23 93 85 32 47 67 37 67 49 47 38 7 28 78 97 3 46 7 97 59 82 56 41 78 5 91 76 82 47 88 70 73 4 22 66 79 61 7 19 82 5 61 25 14 71 77 56 13 31 34 23 61 73 28 58 47 82 12 47 10 11 88 58 91 25 16 79 38 64 40 8 22 13 76 13 7 83 48 82 85 25 34 76 79 13
100 3
19 18 95 90 23 41 40 10 71 91 19 38 10 77 18 28 23 17 56 53 34 62 21 7 73 89 28 81 76 11 19 38 13 59 13 65 80 37 62 46 75 54 73 25 70 1 37 86 83 22 65 46 91 4 50 22 80 32 18 25 56 20 13 32 29 59 34 12 28 34 59 2 43 17 86 22 52 7 78 88 98 57 98 58 73 29 80 7 58 50 7 76 54 31 22 25 30 23 44 55
100 3
2 71 85 35 5 90 91 36 26 29 47 30 76 73 85 55 79 98 53 56 32 26 8 4 77 59 48 56 78 83 38 86 89 27 86 60 65 59 30 77 11 91 11 43 5 25 56 98 95 50 98 65 55 51 33 67 92 4 28 14 4 16 88 55 58 86 74 32 27 98 74 34 42 29 78 41 29 43 56 29 17 41 34 68 25 32 20 59 37 50 78 5 98 68 46 5 59 56 52 2
100 3
64 79 67 1 58 49 52 26 98 11 13 11 43 54 43 14 72 22 67 1 8 25 85 82 63 70 79 40 46 22 31 92 52 80 64 92 98 82 10 3 29 22 62 35 10 76 43 54 13 61 83 46 35 73 37 79 14 52 49 21 10 79 17 95 88 61 11 43 7 50 82 23 12 79 55 1 79 7 82 61 37 31 71 52 65 88 2 67 13 38 52 58 5 79 79 62 7 91 65 70
