100
2 1
100 20
200 10
2 2
100 20
200 10
3 2
100 10
100 10
100 10
4 2
9 3
7 1
10 1
8 4
10 5
57376 808260
985366 438395
150568 426668
53841 316814
239654 637120
124489 762991
801303 153810
932156 219161
368151 844846
888356 76021
6 4
29346 808530
844622 28092
712184 33316
419422 56571
178386 133010
30773 771037
2 1
256168 70699
942177 212900
8 3
910413 824688
184618 539317
992606 550072
78755 602898
713011 802239
485359 821698
299491 433731
829950 582075
6 1
588099 795540
544436 291532
27315 343811
314181 618957
619161 443685
409206 513665
10 6
24235 2472
23844 2677
216722 43
26564 2325
29035 2234
20183 2186
25618 2450
24497 2752
244237 3
247035 72
5 3
3279 336035
3893 390435
12320 85
16980 32
3132 306231
4 3
10718 37
3074 383430
3943 386910
3828 310275
4 2
3399 377579
3990 317420
3774 351671
16670 5
2 1
3831 334764
15612 18
7 3
203193 167451
881016 775503
283896 475763
884052 719266
943471 500419
437585 944183
219813 829243
5 2
60700 511457
373241 83178
309844 100197
50831 610758
253830 122308
5 2
11704 47
3669 318772
3057 311570
3921 319645
13130 43
4 3
211302 71668
45752 330993
35834 422604
320866 47196
7 1
636785 909351
597457 831718
993904 981526
525477 42184
635252 985852
325464 319295
813945 636356
2 1
3236 362762
15572 90
10 5
236354 32
20578 2589
24892 2217
216233 99
248740 94
23001 2453
23259 2761
24287 2518
26555 2968
20272 2282
2 1
623282 105063
796573 82207
3 1
293951 20
23161 2938
22141 2758
7 4
37638 251636
803928 11781
18088 523611
333336 28413
217107 43624
51414 184212
31977 296184
9 6
17028 67
3029 364242
3932 327911
3217 398711
3555 375370
3743 360329
14024 2
3787 353740
3919 383527
7 4
552636 25346
62307 224808
393414 35604
92106 152076
912456 15351
137256 102051
21199 660744
8 5
411629 120853
205783 241743
285403 174303
61422 809915
446358 111450
53888 923148
540865 91976
338638 146902
9 6
246279 674421
770145 716730
95671 868089
324025 848516
123239 690793
963611 466134
269287 367493
129662 285733
249831 883454
5 3
3800 333229
12291 38
15335 5
3080 388324
3748 373764
8 3
597583 688057
29494 713719
400848 653275
993469 307317
723126 456464
782904 467775
366278 32336
926986 464336
5 1
108617 550551
417359 143280
65651 910865
63484 941957
71136 840632
9 5
13464 414141
85239 65416
489294 11396
23452 237762
31746 175644
532467 10472
41769 133496
21978 253708
539682 10332
10 4
3720 379928
3950 360493
3797 347808
16406 94
3368 369678
3740 355596
18453 13
16434 28
3864 314344
3458 362509
8 2
402490 33682
71332 448377
304571 34187
825272 556880
117651 221881
759505 976608
578059 342275
276559 960270
7 4
229118 340303
208627 373727
948350 82216
298528 261180
93140 837122
136203 572451
239487 325569
8 6
457079 924354
427722 251309
817171 107462
190616 415604
695585 395637
93893 788587
696987 954923
691538 649012
4 2
185429 411155
520378 146509
646963 117843
421437 180905
2 1
912521 16724
712931 21406
8 3
637816 837406
837263 912516
175001 481803
866971 140211
411268 736945
943629 570466
149708 841211
299308 431542
2 2
76923 51272
68376 57681
9 3
20347 2513
20445 2100
22278 2906
227766 14
25534 2681
27635 2404
272855 34
25297 2422
28946 2863
5 3
13473 37
3174 332870
13348 86
3061 382824
3396 321384
6 4
133644 363834
471366 103156
134676 361046
715778 67932
150552 322973
157122 309468
3 1
594661 451453
431699 651724
853223 691386
8 2
26243 2718
24785 2186
20956 2200
27636 2142
237176 14
203407 42
21034 2767
25361 2873
7 4
284158 16
26305 2175
26125 2571
25431 2104
251274 64
25297 2324
21530 2142
4 1
23047 2480
208060 48
28370 2680
26775 2504
4 3
888552 61161
263958 205884
568632 95571
856254 63468
5 3
22266 2939
22378 2583
206729 74
25252 2294
237926 70
2 1
257667 236927
80814 755417
10 6
200564 37638
108732 69426
365313 20664
7956 948822
8874 850668
730626 10332
112404 67158
25194 299628
40508 186354
35496 212667
9 3
23833 2932
26598 2303
23151 2897
28339 2632
228414 96
27071 2453
230304 49
23139 2477
29289 2037
3 1
210293 31
22581 2248
28089 2592
2 2
88536 301473
37107 719304
3 1
216213 80
20095 2485
26552 2669
3 2
428399 176656
331164 228525
91649 825751
3 1
22605 2599
20487 2778
243511 67
4 3
504252 54094
745416 36593
706146 38628
100233 272136
7 5
3016 301781
3487 367195
3232 320236
3329 304341
3347 350051
12385 15
11684 79
9 3
3338 314788
3636 383604
3424 328716
3436 398744
3365 358655
18071 52
3299 365379
18253 83
3481 313917
2 1
151444 281973
95789 445804
7 1
196163 314271
619600 99497
96989 635622
619096 99578
926764 66520
559052 110273
311741 197755
7 4
219148 390894
132899 644577
309033 277199
943640 90780
711971 120319
277516 308680
258740 331080
10 7
90898 858905
546223 142932
129591 602455
443152 176176
646426 120776
565208 138131
557006 140165
617889 126354
304604 256309
363772 214620
4 3
3315 396419
10556 70
3810 300251
3084 375215
9 5
226548 79458
186354 96596
388926 46284
20664 871131
244188 73718
24738 727668
626603 28728
630819 28536
124236 144894
3 1
296567 76
21673 2431
29719 2336
10 3
11115 39
3545 307227
3745 332903
14814 11
3192 381498
3467 312630
14086 94
3412 398853
3515 319098
3564 301129
9 5
21909 2517
25544 2799
22566 2840
237927 6
21390 2829
284246 60
21064 2316
27170 2873
20829 2643
9 3
239348 811502
400073 99914
962874 692333
450347 587304
395182 963504
574885 692559
912716 444072
186549 949733
206571 869813
4 3
419594 63612
33201 803928
213528 125001
392616 67983
7 5
173768 617373
155704 377207
141781 640717
921113 160043
395515 927123
734025 808174
505362 490464
1 1
1 1
6 4
646769 106460
299793 26496
356608 758376
344415 359338
553713 462018
343386 944633
6 2
26420 2252
27535 2886
230744 40
29077 2360
28070 2089
201566 86
8 3
835355 334028
307634 957137
924813 131555
904941 946548
785184 305476
15853 163473
405982 341663
311464 491314
9 5
976900 203444
103959 597333
420716 495767
448968 692206
804123 311080
366204 876790
136557 984784
851855 800153
391301 795119
6 3
110128 678883
598524 124914
635808 117589
583556 128118
152088 491584
729754 102451
4 3
630819 25752
478268 33966
931364 17442
49476 328338
3 2
87172 142506
183768 67599
805194 15428
5 2
564133 113707
101062 634718
451439 142092
399491 160569
570221 112493
6 2
3131 333361
3633 392088
18608 82
14614 41
3141 340124
3070 344232
9 5
162564 67158
686504 15903
220662 49476
110331 98952
11718 931684
31806 343252
42066 259532
72447 150696
226044 48298
9 5
892915 18617
30122 551869
24157 688140
623393 26666
346870 47924
31059 535220
378329 43939
40396 411511
517621 32115
6 4
3982 330762
12178 44
3130 324486
3135 397157
3511 364545
10433 37
10 10
1000000 1000000
1000000 1000000
1000000 1000000
1000000 1000000
1000000 1000000
1000000 1000000
1000000 1000000
1000000 1000000
1000000 1000000
1000000 1000000
6 2
17822 83
3858 399275
17421 23
3971 391620
3974 382098
3546 388155
8 5
28044 243474
476748 14322
51414 132804
58548 116622
12648 539847
92701 73656
20196 338086
282744 24149
5 2
102792 730052
283337 264856
114842 653450
260302 288294
626621 119759
9 6
264368 70
29622 2177
27416 2526
26601 2629
21425 2755
27133 2092
286661 18
21278 2259
26437 2348
4 3
29848 390609
72488 160839
196248 59409
28782 405076
3 1
27805 2252
299387 48
24726 2348
9 5
399156 27846
186354 59644
55944 198679
339822 32708
57681 192696
208754 53244
402597 27608
132804 83694
825282 13468
6 3
25368 2188
201845 30
21827 2939
22205 2893
28766 2997
251733 36
2 2
222138 118668
61992 425227
10 4
3516 306249
3658 339436
3667 369983
12822 34
3367 377917
3026 399256
3726 310663
3382 310229
14075 54
17488 32
6 3
43703 744848
497357 622478
180045 847387
605818 429613
846863 903669
81577 379456
6 1
3158 363912
3058 382714
12759 81
11659 59
3594 355567
3269 384890
7 3
123515 570388
861614 886115
156814 778993
196562 449921
968715 813331
12509 590418
953878 378672
5 2
164609 216339
609220 58454
252475 141049
296334 120173
56070 635123
