100
1 1
540 600
840 900
2 0
900 1260
180 540
1 1
1439 1440
0 1
2 2
0 1
1439 1440
1438 1439
1 2
3 4
0 10
1420 1440
90 100
550 600
900 950
100 150
1050 1400
13 66
929 935
1327 1336
452 469
101 102
207 212
1367 1371
580 581
428 442
521 559
120 127
415 416
705 709
581 586
874 898
219 224
786 800
516 521
1264 1290
1397 1399
380 383
159 165
1051 1090
1016 1051
205 207
1405 1413
50 61
1190 1207
1418 1435
170 183
702 705
904 911
1413 1418
813 816
1225 1250
238 243
1211 1225
1161 1162
1336 1351
1296 1298
730 777
688 689
652 682
158 159
1180 1187
416 424
1290 1296
898 904
1101 1114
212 219
276 315
200 202
612 626
816 838
600 607
502 504
489 490
1319 1321
367 376
127 145
315 336
30 50
336 346
1351 1367
1187 1190
202 205
427 428
68 76
928 929
559 562
1162 1167
469 473
183 184
914 917
1308 1319
184 199
917 928
1385 1394
504 515
695 702
68 50
935 936
512 516
1048 1052
199 202
466 468
1010 1011
187 199
575 585
953 958
827 829
1057 1058
744 746
296 300
1405 1407
1349 1359
753 757
661 664
1192 1204
22 25
985 990
771 780
990 992
585 586
1041 1043
510 512
316 317
542 545
847 855
1120 1125
117 123
1162 1166
784 791
54 56
829 833
399 410
725 727
334 338
1052 1057
446 450
163 167
300 305
545 551
918 925
1337 1348
152 154
738 739
1043 1048
881 883
992 994
496 502
1167 1174
154 156
422 424
1407 1414
502 506
635 639
1156 1162
1113 1118
468 472
291 292
134 135
450 452
925 935
833 842
687 693
532 540
1144 1156
126 130
440 446
730 733
757 770
812 815
672 675
264 269
1324 1330
412 414
1382 1395
169 170
465 466
669 672
643 653
1127 1142
202 203
1432 1439
815 824
677 687
719 725
1426 1432
911 917
698 709
227 233
292 296
130 134
1256 1257
108 112
112 117
1375 1382
599 614
994 995
1249 1256
616 624
770 771
842 844
1005 1010
1174 1175
540 542
313 316
961 975
172 183
82 87
437 440
958 961
203 212
743 744
1066 1067
286 291
102 108
317 320
21 42
953 959
1083 1084
299 304
1224 1225
1232 1233
1390 1392
502 515
1 2
1081 1083
552 553
535 547
942 944
778 784
1257 1263
381 383
1264 1269
897 899
566 571
274 275
900 903
117 122
1192 1193
391 395
547 552
220 222
862 866
1354 1365
346 347
1095 1101
44 46
721 727
1158 1163
132 136
1328 1333
616 625
1016 1029
1193 1197
331 346
58 60
1340 1346
904 905
1163 1182
293 299
1105 1107
267 270
668 672
1288 1302
249 253
1000 1003
1042 1049
1125 1136
1111 1118
136 137
1252 1256
241 246
196 200
287 293
421 433
1373 1375
1233 1252
376 378
200 212
1333 1338
19 39
158 167
1105 1106
951 955
1089 1102
267 275
299 307
1223 1225
881 883
29 30
509 514
625 633
1115 1119
1335 1353
1431 1435
698 701
925 933
1386 1405
426 429
566 572
961 964
1142 1146
317 364
30 35
1154 1155
965 970
1119 1120
1037 1042
1382 1386
902 905
787 789
734 756
905 910
1361 1369
1082 1085
1408 1425
1306 1308
216 218
731 734
527 528
613 616
633 642
1407 1408
503 504
1225 1230
985 987
764 769
588 592
1207 1223
1066 1067
592 596
541 544
399 412
49 51
115 146
1324 1327
801 814
278 286
529 536
2 0
1439 1440
0 1
53 81
1101 1115
573 574
6 13
1386 1394
763 778
1206 1219
1367 1368
778 786
1410 1413
335 336
283 287
1224 1226
1244 1250
1280 1287
965 971
144 165
511 529
81 100
1194 1195
1235 1236
565 573
737 741
1304 1307
616 619
423 431
928 929
690 713
757 763
640 656
1219 1224
921 922
1098 1101
202 209
636 640
720 726
1153 1155
287 291
60 63
1226 1228
265 267
482 498
433 465
431 433
367 378
63 81
387 423
1333 1352
574 587
315 335
43 45
165 170
1405 1410
529 552
1061 1065
987 988
1377 1386
1394 1399
713 715
26 29
201 202
794 796
216 219
498 510
735 737
686 690
915 921
786 794
1250 1272
1195 1206
1313 1328
313 315
196 201
624 636
336 343
275 280
929 940
1287 1292
170 188
39 43
510 511
861 882
1272 1280
280 281
1157 1165
1352 1358
1328 1329
29 36
893 907
1400 1402
281 283
1179 1194
304 308
1292 1298
1013 1014
1228 1235
209 216
308 313
1134 1136
594 601
951 965
100 112
796 827
1373 1377
1301 1304
1170 1179
1236 1244
45 60
659 686
1298 1301
247 260
128 139
715 720
855 861
13 26
1358 1367
1413 1440
362 363
476 482
1307 1313
619 624
552 555
348 362
219 247
587 588
922 928
1076 1086
1136 1153
940 951
726 735
267 275
988 998
260 265
465 476
1155 1157
0 2
0 360
1080 1440
64 95
1046 1052
802 813
668 671
300 309
893 904
93 95
977 998
1231 1248
442 445
799 802
1212 1213
334 337
340 345
326 329
592 595
998 999
781 792
1171 1176
1429 1431
1126 1148
637 638
751 755
888 892
870 872
740 751
755 762
178 181
494 498
1355 1365
671 686
59 85
908 917
1148 1158
1055 1057
590 592
215 216
764 768
699 700
662 666
1114 1119
1224 1231
971 976
1309 1316
1341 1342
792 796
337 339
706 707
416 424
171 178
397 406
1267 1274
498 512
1180 1186
936 938
1320 1334
1274 1280
1345 1355
1113 1114
49 54
776 781
666 668
917 936
1112 1113
872 874
938 941
566 577
204 205
97 103
251 274
614 637
712 731
941 945
333 334
138 145
638 644
527 539
373 391
16 23
1435 1437
585 590
1186 1200
512 527
323 326
409 416
1057 1075
1100 1108
295 300
1052 1054
686 690
448 460
1 13
558 563
150 157
1252 1265
181 183
544 558
1077 1100
446 448
1365 1368
1390 1398
1018 1028
460 461
1398 1407
370 373
315 316
813 829
999 1011
696 697
362 370
1265 1267
114 118
205 215
445 446
396 397
656 657
850 870
13 16
1342 1345
762 764
563 566
54 59
245 251
424 426
874 888
731 740
1298 1309
837 850
1319 1320
274 295
346 357
1334 1341
316 323
329 331
834 836
829 834
1028 1046
339 340
23 36
187 197
1316 1319
345 346
1054 1055
391 396
1382 1389
103 114
183 187
36 38
836 837
539 540
1407 1419
1368 1381
904 907
357 362
145 147
577 585
1161 1171
657 662
700 706
85 89
74 86
1051 1054
1349 1350
6 8
627 636
1152 1158
1096 1099
598 610
387 388
1012 1015
248 250
994 1003
112 116
374 375
833 858
877 879
87 94
962 974
434 437
425 434
110 112
990 992
229 247
636 644
450 462
20 22
1101 1106
1077 1082
251 260
151 158
314 315
658 660
1162 1166
974 977
1220 1222
1039 1040
492 495
733 738
469 475
1388 1403
690 694
1436 1440
561 564
225 229
784 797
116 118
291 299
215 225
149 151
879 882
515 516
1040 1048
1344 1349
858 877
625 626
437 440
1324 1332
1273 1289
354 369
1222 1223
343 354
369 374
661 663
726 730
1158 1162
730 733
977 978
712 723
914 920
158 159
1016 1023
1192 1193
1069 1073
128 143
610 613
1073 1074
920 922
1082 1092
143 149
1403 1409
992 994
102 110
768 769
1386 1388
585 587
475 492
621 623
1066 1069
396 398
288 291
331 333
1310 1324
890 896
25 36
462 469
94 97
273 286
660 661
657 658
646 657
896 898
1382 1386
1335 1344
522 527
376 380
1203 1209
934 941
1023 1039
818 825
181 190
1409 1422
440 450
1054 1066
613 614
1050 1051
100 102
560 561
1106 1115
2 5
668 685
383 387
1092 1096
1364 1370
769 776
723 726
247 248
299 304
22 25
952 958
1004 1009
1235 1237
1247 1273
886 890
1074 1076
1009 1012
1422 1431
777 784
1223 1235
663 664
5 6
388 390
76 77
797 812
760 765
1332 1335
159 164
958 962
164 172
694 700
700 712
1350 1362
626 627
286 288
8 20
64 76
1362 1364
1130 1137
1115 1130
172 181
380 383
1289 1310
100 100
523 525
280 302
699 708
1121 1126
85 92
1397 1407
602 603
887 892
1225 1227
1139 1148
836 841
1095 1103
1286 1288
333 339
357 363
168 192
603 604
331 333
1329 1336
72 75
1371 1375
349 352
1050 1054
1017 1028
1215 1225
1391 1396
1370 1371
611 612
1034 1036
158 167
1132 1134
715 728
513 514
225 228
1292 1294
478 485
1255 1258
748 757
278 280
50 52
215 222
1130 1131
322 323
1176 1182
1161 1162
26 27
421 425
1351 1352
1284 1286
476 478
309 310
828 830
363 365
406 407
16 22
448 454
1131 1132
1408 1410
612 620
499 500
489 493
263 275
1044 1048
655 658
22 26
1010 1017
648 650
1109 1113
560 564
1159 1161
1324 1329
728 729
146 149
1134 1139
1369 1370
599 602
454 459
5 9
1407 1408
567 571
572 576
1413 1414
824 828
352 357
516 523
27 30
914 915
830 836
94 111
1258 1265
1240 1241
533 546
1429 1434
1244 1245
862 883
1414 1419
32 33
65 72
198 205
208 211
1283 1284
988 995
757 761
384 386
1247 1255
211 214
505 513
650 653
1410 1413
1036 1044
485 489
116 120
886 887
604 609
841 845
742 743
1396 1397
205 208
1246 1247
1202 1210
314 316
9 16
1166 1175
1336 1342
548 551
1281 1283
632 640
493 499
1126 1130
1113 1119
1241 1242
154 157
525 526
653 655
677 697
339 349
255 259
1089 1095
1280 1281
1323 1324
222 225
620 621
425 431
731 739
551 560
302 305
1210 1215
319 322
592 594
529 533
214 215
811 814
403 406
766 770
122 128
369 384
799 800
1185 1187
956 980
407 416
312 313
56 57
645 648
1182 1185
1054 1055
1029 1034
915 918
443 448
814 823
630 632
743 744
1269 1280
432 434
803 811
640 645
420 421
1070 1089
1237 1240
860 862
305 309
112 116
1119 1121
149 154
167 168
140 143
157 158
1309 1323
310 312
1242 1244
1245 1246
365 369
1265 1268
576 592
1362 1363
143 146
932 938
132 135
980 988
1055 1056
475 476
1 54
598 606
1042 1055
316 343
618 642
536 569
343 371
950 961
1389 1393
287 292
292 307
433 440
1303 1305
71 91
924 931
161 174
442 454
723 744
60 65
865 879
1105 1109
214 227
388 391
1424 1433
1228 1251
1055 1060
823 830
146 161
397 433
1251 1252
1201 1203
1252 1259
830 839
1203 1211
508 512
669 684
275 287
855 865
91 132
881 889
1160 1178
650 669
969 1017
908 924
1128 1131
1131 1132
141 146
700 707
941 950
1316 1329
1085 1105
961 969
696 700
1198 1201
65 71
647 650
0 2
10 360
1080 1440
55 36
735 742
422 424
149 164
699 700
330 334
877 880
1182 1183
256 262
229 231
1213 1219
1264 1298
505 506
873 877
677 678
1349 1355
193 203
754 757
295 297
277 284
123 131
926 927
1092 1106
1255 1262
507 514
962 964
1234 1240
1011 1012
899 913
465 468
766 767
219 223
235 239
29 41
854 857
462 465
167 169
413 422
690 691
273 277
556 559
54 58
898 899
1003 1004
1298 1304
1340 1342
928 937
440 441
863 873
913 914
497 501
1044 1046
798 808
262 264
708 709
631 649
1077 1092
529 530
223 224
58 59
433 439
545 555
292 295
952 962
1406 1409
18 19
723 729
857 863
459 462
518 529
950 952
767 768
542 545
514 518
661 662
1309 1317
208 212
99 101
1415 1418
822 840
718 723
675 677
1219 1224
2 8
578 593
1010 1011
684 689
971 982
506 507
555 556
303 305
76 77
67 53
1091 1095
1275 1278
1122 1124
1144 1146
914 918
321 327
1113 1122
562 563
1072 1075
1026 1046
778 780
580 592
1338 1340
1139 1141
1368 1386
864 874
59 73
1278 1284
622 633
16 19
194 195
795 807
1394 1395
1335 1338
738 751
633 634
1158 1167
1015 1022
807 808
336 339
1065 1066
519 523
770 778
1194 1198
955 958
388 403
613 614
825 843
283 284
288 301
931 937
1190 1194
359 360
543 547
423 428
339 348
1066 1068
495 496
1310 1313
943 954
818 825
643 651
53 59
1167 1184
301 321
704 705
428 430
661 664
1313 1327
659 661
506 519
135 142
362 388
1219 1223
1286 1302
1001 1015
1068 1072
808 810
170 186
890 894
563 580
637 643
73 74
547 548
874 876
634 637
1242 1245
1103 1107
1261 1273
1186 1190
23 39
911 914
918 923
889 890
923 931
1273 1275
1386 1387
1049 1065
11 16
810 818
846 851
74 135
965 1001
496 503
1344 1350
19 23
353 359
49 51
1387 1392
1202 1219
523 524
430 474
1198 1202
843 844
958 965
1146 1157
714 736
910 911
1245 1261
1395 1431
1308 1310
1392 1394
524 529
751 757
1302 1308
614 618
327 336
51 53
651 656
1022 1025
50 50
840 848
571 576
1152 1161
1056 1070
1232 1241
192 193
504 509
158 174
1242 1244
1167 1232
349 352
723 727
570 571
320 345
670 685
1161 1164
839 840
130 140
1070 1076
289 290
1363 1367
729 736
237 241
66 72
685 686
1368 1376
17 27
259 265
256 259
345 349
727 729
920 935
772 803
27 55
1114 1124
636 652
669 670
988 994
1436 1438
709 721
1010 1027
412 419
1270 1274
406 412
72 93
95 97
564 570
1241 1242
184 192
265 270
1430 1436
1124 1126
114 123
935 956
371 372
254 256
652 664
123 130
290 302
1295 1302
55 59
1404 1421
93 95
686 709
627 636
1244 1245
241 254
421 424
515 517
1378 1402
352 371
812 839
860 863
1245 1253
1274 1295
6 16
302 312
206 209
811 812
994 1010
372 376
1027 1030
863 872
910 913
598 624
1030 1048
956 988
509 515
483 485
559 564
193 206
97 114
917 920
431 464
1421 1422
624 627
376 380
1164 1167
492 504
1302 1318
87 99
1020 1023
867 869
695 697
84 85
648 652
34 36
738 739
831 836
276 288
1077 1092
743 748
1287 1295
321 323
419 421
288 291
19 21
552 559
1197 1203
1330 1332
646 648
348 350
331 337
252 255
89 105
876 885
755 757
106 110
229 234
80 84
501 508
371 374
1105 1108
1057 1058
245 252
1010 1014
1164 1167
452 459
187 193
477 484
607 616
1302 1303
1023 1025
559 560
1108 1111
1238 1239
981 984
584 589
299 303
312 319
1176 1184
635 641
566 569
690 691
773 774
579 581
699 701
72 73
1429 1431
380 381
1394 1398
423 431
1377 1379
409 410
197 198
782 783
224 226
171 172
26 29
1370 1377
105 106
1073 1077
684 690
1231 1238
772 773
449 452
1222 1228
400 409
1359 1370
1250 1256
619 627
347 348
926 943
60 64
112 116
386 393
221 222
1212 1217
1152 1153
1195 1196
234 244
1259 1264
1035 1049
1228 1230
1264 1270
1062 1066
29 30
341 347
291 297
589 593
1184 1189
158 163
893 903
943 944
163 164
414 419
569 575
495 501
485 495
517 522
116 122
222 224
1332 1336
801 803
326 328
712 716
1348 1357
209 212
525 528
671 677
748 755
324 326
1239 1240
761 763
198 208
1282 1287
1172 1173
328 331
212 221
984 987
581 583
1033 1035
757 758
374 378
122 125
255 261
1123 1125
152 158
1301 1302
193 197
1154 1164
445 447
1421 1428
804 807
1244 1250
65 69
369 371
459 463
1060 1062
1189 1190
125 133
722 724
36 48
1205 1212
724 731
7 13
919 922
1111 1115
1295 1299
733 738
1121 1122
1257 1259
534 535
310 312
69 71
1029 1033
1342 1344
758 761
142 152
869 873
959 960
1386 1390
764 766
1014 1015
261 270
355 368
352 355
904 910
716 722
164 171
381 384
944 959
468 477
739 742
1125 1128
667 671
484 485
59 86
772 780
1309 1314
463 469
886 892
1372 1375
648 649
635 642
1082 1083
369 374
1406 1436
992 1003
689 692
731 733
375 376
851 859
620 631
1147 1155
101 102
181 182
143 147
1119 1121
1385 1391
1340 1342
85 90
1370 1372
1155 1157
394 396
368 369
361 368
527 529
892 906
1289 1292
443 445
374 375
390 392
744 750
949 953
1345 1349
1391 1394
573 582
416 421
376 390
1190 1193
1083 1090
752 755
1179 1190
927 928
1278 1279
1009 1011
522 527
396 404
1178 1179
1078 1082
404 409
1090 1095
352 359
9 17
1399 1400
245 249
1314 1318
906 912
644 648
31 45
1349 1352
423 427
1292 1295
1375 1385
90 98
1159 1161
953 969
319 328
1394 1399
1339 1340
1193 1195
1308 1309
1279 1289
1336 1337
780 797
1198 1218
70 85
280 283
112 128
1095 1097
1400 1406
392 394
1218 1224
1077 1078
307 319
469 478
1060 1074
1334 1336
328 335
283 289
515 522
234 238
1025 1041
1436 1439
447 455
923 927
1266 1273
128 143
158 159
642 644
807 821
1358 1363
1121 1125
238 245
1329 1332
1007 1009
188 208
692 708
1011 1025
916 921
28 31
534 541
1142 1147
170 181
1302 1308
969 977
859 864
1125 1126
742 744
1074 1077
711 720
1118 1119
1277 1278
350 352
631 635
1041 1060
565 569
1273 1277
1161 1178
1332 1334
750 752
455 460
102 112
163 170
1157 1159
249 262
1235 1243
937 949
98 101
531 532
436 443
1133 1142
90 78
1222 1224
223 227
1137 1147
621 625
1407 1413
868 882
954 986
1066 1069
400 405
1231 1232
165 166
356 365
1116 1131
322 327
135 145
1148 1151
915 923
197 200
739 741
731 735
1333 1334
818 822
1034 1036
671 672
909 912
1250 1256
1096 1098
240 241
1214 1222
227 232
261 264
89 92
1036 1041
1280 1284
487 495
859 868
387 392
638 641
311 312
1131 1137
200 208
665 669
1401 1405
1393 1394
641 647
331 332
39 58
1176 1185
81 88
1316 1322
366 372
886 900
1069 1078
1352 1364
1405 1406
672 704
509 525
1055 1057
347 351
330 331
276 277
467 470
611 616
1272 1275
1089 1094
602 605
923 933
882 884
239 240
1094 1096
741 742
131 135
1185 1186
145 157
735 739
810 818
405 407
950 953
316 320
16 39
495 498
1338 1343
1322 1333
652 656
277 278
1021 1027
525 529
320 322
171 197
529 530
297 311
760 766
1284 1316
1043 1055
1011 1021
1427 1440
1027 1033
1081 1089
1276 1279
710 712
669 671
479 482
15 16
1394 1395
1151 1176
407 449
274 276
312 316
1240 1250
1334 1338
372 378
1232 1238
823 831
272 274
704 705
351 354
986 996
1042 1043
365 366
1269 1271
656 665
1343 1351
346 347
327 330
775 784
1033 1034
1010 1011
766 775
900 909
70 79
168 171
470 478
784 785
530 532
1224 1231
625 629
1058 1062
800 810
822 823
7 15
241 242
532 554
1275 1276
1041 1042
1238 1240
1213 1214
117 124
232 237
478 479
610 611
647 652
754 760
590 594
395 400
616 620
88 89
1187 1212
560 576
264 268
354 356
620 621
1396 1401
256 261
342 343
798 800
850 853
1098 1116
237 239
92 47
1099 1105
851 857
1263 1265
776 778
244 245
58 62
320 323
824 826
282 285
1235 1245
95 100
285 288
641 642
782 791
1110 1116
1423 1425
288 291
763 765
998 1000
765 776
154 156
900 918
448 460
838 843
931 934
1134 1136
138 139
351 356
1328 1329
1108 1110
890 900
153 154
538 545
245 250
993 997
518 519
1306 1309
1143 1148
642 657
8 9
356 361
1283 1286
170 178
698 709
161 164
799 800
1075 1080
408 411
1363 1366
820 824
1165 1166
1329 1330
188 190
533 535
1335 1337
759 763
1116 1117
228 235
1385 1393
131 133
1044 1045
407 408
1166 1183
1249 1250
1122 1126
944 946
404 406
326 337
204 216
489 490
565 575
107 110
525 533
666 676
119 127
867 869
1000 1025
250 251
934 937
31 35
218 219
1064 1075
158 161
988 993
275 276
1322 1323
442 448
663 664
1086 1087
464 470
535 537
986 988
937 940
1358 1362
575 589
164 166
146 148
1087 1096
243 244
1045 1059
1029 1033
178 180
778 782
638 641
310 315
1080 1081
606 612
861 867
746 747
1279 1283
114 119
266 268
817 820
1132 1133
836 838
612 616
406 407
1148 1155
1425 1430
241 243
1230 1231
1118 1122
590 592
680 688
1407 1414
869 870
180 187
40 43
251 255
1117 1118
1397 1400
9 10
437 439
826 832
471 483
800 801
792 799
1323 1328
1286 1288
2 0
0 360
1079 1429
70 6
1083 1102
1203 1214
1371 1378
471 472
1142 1145
1133 1137
632 633
585 591
130 132
187 190
1124 1129
265 306
444 448
387 389
566 572
763 793
1401 1413
794 798
1123 1124
1137 1139
526 538
311 346
1348 1354
101 109
28 31
67 68
448 455
249 256
1019 1030
225 244
132 133
95 96
351 355
1 3
633 639
482 490
1378 1380
1172 1189
793 794
459 468
538 560
109 112
639 652
967 982
1194 1200
1189 1194
306 311
742 747
147 187
68 84
1320 1343
86 87
934 940
896 909
133 143
617 632
876 896
1065 1075
1295 1296
690 696
560 561
469 470
6 16
575 585
415 420
696 717
45 46
1120 1123
373 383
616 617
1269 1295
408 410
1012 1019
1129 1133
370 373
1102 1114
65 48
302 303
214 215
850 853
283 297
1306 1307
1182 1183
1040 1050
313 316
709 724
379 386
1074 1082
1170 1174
984 994
1414 1415
1061 1074
1340 1346
63 71
548 553
968 974
633 634
212 213
975 984
125 126
886 888
1370 1372
489 490
1169 1170
30 31
535 544
609 622
677 678
688 697
458 488
1015 1016
767 775
31 36
1374 1379
545 546
217 239
374 379
761 765
370 374
562 565
1295 1296
1269 1291
46 48
117 118
400 406
924 928
727 731
491 507
956 962
944 945
1351 1353
1097 1104
311 313
780 783
244 249
594 599
724 726
629 632
881 886
240 242
213 214
1356 1360
899 902
1393 1410
71 75
1127 1130
702 709
488 489
847 850
1372 1373
1050 1052
166 172
1319 1325
1230 1231
1145 1151
726 727
1246 1249
1318 1319
1410 1411
1267 1269
1082 1088
1347 1351
435 438
1379 1389
1204 1205
446 448
788 800
544 545
509 519
667 672
126 128
1332 1338
135 149
422 424
340 341
104 110
398 400
1175 1182
179 183
272 277
239 240
20 26
932 937
316 317
608 609
1183 1188
1307 1318
731 736
173 179
1389 1391
82 74
1260 1266
659 663
1207 1209
234 246
1306 1308
628 637
959 965
1241 1244
1188 1192
26 30
695 709
84 87
593 596
400 405
586 587
331 337
1341 1342
1427 1428
152 170
1221 1222
547 550
330 331
869 871
1012 1014
1109 1110
569 571
596 604
1381 1387
297 309
1400 1403
715 717
494 497
10 13
1368 1376
512 513
831 839
991 1001
1070 1072
1332 1333
1367 1368
1112 1114
96 99
671 684
228 232
493 494
87 94
513 515
1403 1407
551 556
25 26
114 126
587 589
1244 1248
1431 1440
431 437
437 438
1037 1038
818 820
1011 1012
823 831
108 114
1114 1121
1308 1320
859 864
1342 1346
471 475
1212 1214
1209 1212
1024 1026
129 136
802 804
572 583
544 547
288 290
458 467
984 988
1026 1031
1140 1148
264 268
522 535
989 991
956 958
1320 1323
393 400
83 84
742 744
370 379
1376 1377
174 182
749 766
30 32
194 205
571 572
1197 1203
1005 1008
1251 1258
1165 1171
1215 1217
1249 1251
583 586
501 512
316 320
447 450
72 74
367 370
1420 1421
1051 1052
604 616
550 551
1327 1332
1016 1024
970 974
258 264
1396 1398
1350 1358
1001 1005
1010 1011
438 439
327 330
411 425
917 920
1172 1180
1220 1221
1180 1188
1217 1220
408 410
182 186
640 641
1324 1327
246 258
212 215
968 970
1107 1109
450 452
4 9
941 946
1081 1099
1346 1348
1044 1046
768 771
801 802
688 690
1266 1267
21 25
99 103
475 483
1415 1416
1258 1260
1222 1237
746 749
1214 1215
452 453
311 316
1366 1367
126 129
107 108
56 93
84 87
972 973
945 955
1112 1113
1154 1157
1183 1184
1399 1400
286 289
1113 1114
1138 1143
283 285
696 697
33 35
25 28
1250 1252
530 531
301 303
222 230
42 44
399 405
360 372
343 347
474 479
215 216
321 323
78 80
1078 1080
553 556
487 492
1388 1390
291 298
722 724
975 980
69 72
285 286
573 583
323 334
845 855
1077 1078
637 654
97 103
8 9
675 679
216 217
413 428
1135 1138
132 140
270 276
764 780
35 37
1178 1183
442 446
1279 1282
1143 1150
456 458
1158 1160
931 933
411 413
397 399
388 397
298 300
893 895
1080 1088
809 814
540 542
589 610
428 435
1385 1388
254 257
531 534
124 130
1018 1020
1026 1028
166 167
903 905
919 931
1131 1134
549 553
534 536
462 471
624 637
795 798
614 615
557 559
486 487
1003 1011
257 261
536 538
841 842
1189 1195
317 319
1195 1199
37 41
828 841
707 713
737 739
957 958
1134 1135
242 246
1073 1077
959 966
1163 1165
251 254
583 589
704 707
819 821
1414 1423
239 242
28 30
799 809
471 472
1119 1121
825 826
167 171
1160 1163
122 124
19 22
1423 1427
564 565
745 759
1165 1173
262 264
1339 1343
359 360
1121 1123
870 887
12 19
458 462
1016 1018
1252 1279
1150 1151
221 222
713 718
1238 1243
1092 1112
250 251
72 74
905 909
498 510
955 957
492 498
309 317
1040 1042
1286 1295
887 893
246 250
524 530
1117 1118
798 799
51 67
784 800
1282 1291
1119 1120
814 831
1161 1201
642 646
391 395
1227 1235
1097 1117
405 407
395 396
1015 1020
773 776
864 866
876 877
707 710
899 903
1340 1370
473 477
290 291
564 571
60 92
231 235
903 905
381 387
362 366
1370 1372
168 169
432 433
422 432
351 359
1291 1340
710 722
1414 1426
224 229
280 282
359 360
443 473
94 97
1235 1251
1201 1208
241 259
547 549
1220 1227
433 443
1280 1282
606 613
92 94
345 351
800 805
1 2
407 413
530 540
1412 1414
143 144
489 492
1372 1375
747 760
760 762
905 911
1020 1057
2 7
911 938
97 104
136 143
964 982
477 485
613 624
270 280
497 507
372 381
121 133
560 564
1431 1436
805 814
938 943
1403 1404
854 864
549 552
1384 1390
542 547
1057 1068
1375 1384
1120 1124
628 642
744 747
1068 1086
133 136
40 60
291 345
1251 1280
1390 1403
1208 1220
18 26
104 121
229 231
169 178
396 405
285 290
178 182
552 556
866 876
1436 1440
259 262
983 1015
877 882
1124 1151
646 672
219 224
182 219
366 372
1091 1092
235 241
541 542
1092 1097
144 158
943 964
1151 1161
21 85
982 996
1063 1064
244 250
879 892
715 716
378 391
1083 1089
1078 1082
8 17
1309 1310
120 123
969 980
196 204
349 352
980 982
464 465
915 926
1094 1099
811 813
1052 1059
951 967
1120 1128
1040 1052
254 258
1033 1040
112 120
1210 1213
1224 1229
297 301
282 297
281 282
235 242
30 32
95 102
51 82
1422 1433
301 312
1067 1075
1290 1292
1298 1300
1310 1320
1300 1303
149 151
106 111
838 839
1231 1235
1082 1083
312 335
935 936
754 765
82 84
50 51
653 658
1320 1321
1377 1382
1384 1414
1162 1179
1292 1298
608 626
523 551
843 847
773 809
901 910
839 843
369 378
1433 1440
1089 1091
847 853
498 523
124 149
967 969
823 834
705 715
1351 1358
251 254
242 244
1321 1333
856 857
1020 1024
364 369
208 215
1206 1210
1216 1224
587 606
151 155
1213 1215
684 705
250 251
640 646
1128 1132
626 640
1064 1066
123 124
173 184
1145 1149
1287 1289
1179 1200
1018 1020
1024 1033
926 935
858 879
853 856
1257 1261
551 560
809 811
1091 1094
0 2
179 539
540 900
9 68
73 74
509 533
328 331
1275 1276
1235 1242
554 563
1010 1011
301 304
634 636
682 699
1367 1374
457 469
1277 1278
474 492
929 932
645 660
976 980
148 149
199 212
1311 1330
1197 1210
932 942
1156 1158
80 87
236 242
1041 1042
292 301
1374 1376
960 976
164 169
643 644
387 398
1242 1243
1292 1298
120 131
492 496
356 361
184 198
231 236
1210 1214
618 620
1167 1192
942 947
778 781
496 497
1243 1246
331 355
133 138
620 624
385 387
857 874
29 38
900 915
51 54
414 416
1050 1056
147 148
660 663
1097 1101
1029 1033
1033 1041
610 618
212 231
74 80
1214 1218
280 292
4 13
72 73
1101 1103
150 162
741 771
416 433
499 509
986 999
1103 1105
1192 1197
922 928
17 51
1299 1326
1134 1139
744 745
436 441
331 342
503 513
218 228
312 331
36 47
787 795
834 878
795 819
628 641
140 150
424 436
617 628
1252 1273
1083 1089
707 716
748 752
192 218
2 8
1163 1168
1326 1354
342 352
230 312
1168 1200
698 707
649 682
1044 1050
1099 1111
733 744
682 685
178 192
982 997
483 503
1139 1163
525 535
1 2
1298 1299
1354 1361
819 827
1418 1440
641 648
827 832
1111 1132
379 417
358 363
1097 1099
8 36
113 128
716 717
685 698
352 358
1247 1252
717 733
112 113
449 462
150 154
1378 1401
1010 1023
513 519
1401 1406
462 477
1025 1044
1023 1025
752 755
1409 1416
32 39
1364 1368
1252 1263
561 574
660 667
750 760
947 948
1383 1400
958 968
1208 1213
254 267
726 742
1007 1009
500 503
296 318
812 819
133 139
861 876
1164 1168
267 270
765 777
476 478
625 639
510 511
760 762
270 274
534 537
1174 1176
103 106
986 1002
1171 1174
537 561
511 516
909 915
653 656
1293 1314
168 171
576 601
1361 1364
1431 1432
1176 1183
907 909
954 955
941 947
123 133
877 879
174 186
171 174
782 791
335 355
1314 1325
106 116
968 970
239 248
574 576
819 830
667 674
193 197
122 123
925 930
498 500
1026 1059
915 925
639 643
1062 1064
318 319
39 41
81 87
186 188
371 377
1084 1091
411 421
0 2
180 540
540 900
10 100
524 530
1404 1406
378 386
1076 1077
1241 1243
813 818
289 296
367 372
820 822
1406 1408
1272 1287
372 373
21 23
1099 1108
556 557
169 170
776 779
975 976
806 811
1111 1114
226 239
353 362
865 869
297 311
1075 1076
838 840
418 423
1323 1324
1211 1215
1335 1342
854 865
248 249
1248 1250
205 206
398 404
1209 1210
890 896
60 66
869 870
1060 1063
1321 1323
143 145
5 14
1287 1290
342 348
480 492
1290 1295
1018 1020
150 162
1186 1189
940 951
568 570
660 661
272 279
466 470
414 418
405 409
82 88
1017 1018
478 480
721 730
40 43
1020 1032
736 740
781 782
1056 1060
43 59
666 669
694 698
1109 1110
1206 1208
505 506
66 68
1270 1272
249 255
321 323
796 800
908 910
1316 1319
138 143
475 477
362 365
530 533
180 183
386 387
1332 1334
14 21
1334 1335
782 786
829 838
1234 1241
1115 1123
957 966
705 714
456 463
1092 1095
1344 1355
1324 1326
1138 1145
452 456
195 205
980 984
1228 1229
888 890
903 906
1229 1230
1077 1081
906 908
507 517
632 660
66 91
1255 1278
975 977
171 176
283 284
104 119
186 200
324 325
966 968
1220 1223
1389 1395
1159 1176
1031 1032
1377 1378
134 159
480 487
363 377
918 926
321 324
277 281
1118 1133
1149 1159
250 254
1223 1234
689 693
1206 1220
1432 1440
577 580
423 437
355 356
1334 1344
1018 1019
1426 1428
1378 1388
1234 1248
176 182
128 134
1034 1043
200 204
288 309
1288 1293
587 592
1283 1288
1115 1116
119 120
505 536
1344 1345
758 773
95 98
88 90
659 673
1278 1279
490 505
673 687
272 277
1428 1429
1400 1423
1133 1149
245 250
377 383
6 7
159 166
910 918
397 398
747 750
1183 1187
728 747
687 689
1310 1318
802 813
1096 1114
1395 1400
166 171
719 728
1176 1183
1067 1080
580 584
354 355
792 793
1306 1310
1301 1306
542 557
943 944
879 901
446 450
1293 1301
182 186
259 264
90 94
968 974
1423 1426
1318 1325
1043 1051
827 833
1051 1063
414 423
356 363
718 719
325 332
584 587
1116 1118
487 490
955 966
773 777
1429 1432
977 989
455 457
1345 1377
693 706
284 288
1325 1334
103 104
1248 1255
1032 1034
264 272
1019 1021
120 128
1021 1031
1092 1096
750 758
649 659
1280 1283
437 446
871 879
946 955
850 854
409 414
204 210
825 827
989 1009
76 88
833 850
793 802
926 929
557 577
974 975
944 946
337 354
254 259
1114 1115
636 638
40 60
450 455
98 103
1388 1389
398 400
1279 1280
1009 1018
281 283
60 76
706 718
393 397
332 337
813 825
34 40
400 409
638 649
1063 1067
12 42
404 414
1007 1015
1114 1149
533 534
1105 1108
21 27
1214 1250
616 618
1001 1007
379 399
742 760
991 994
760 782
186 193
603 614
273 281
802 814
534 539
401 404
571 573
861 883
1341 1344
1031 1103
122 130
556 571
956 979
1427 1440
661 666
211 267
979 991
614 616
455 480
281 283
1344 1360
528 529
77 115
504 515
522 528
130 144
930 956
27 49
994 1001
519 522
573 589
1015 1024
921 928
1149 1214
502 504
492 502
539 556
1368 1374
732 738
1420 1422
116 121
68 6
263 266
719 763
225 236
1055 1071
74 115
537 571
494 500
1210 1212
398 401
207 225
161 182
188 191
1001 1027
877 880
489 490
775 802
1426 1440
410 436
912 913
450 481
1399 1404
601 613
1200 1208
1349 1356
1030 1032
26 27
33 37
625 634
1198 1200
929 934
266 295
1110 1122
401 410
1398 1399
23 26
1037 1051
645 654
591 597
1299 1303
1373 1387
1180 1181
634 635
1051 1055
860 877
1032 1037
383 386
1273 1281
128 139
10 12
571 584
436 450
584 585
309 323
1356 1363
518 521
323 327
1027 1030
142 148
675 681
205 207
236 263
840 842
362 375
934 949
1303 1307
1140 1141
1156 1180
1387 1394
1250 1252
713 719
1141 1154
484 489
1394 1398
375 378
81 20
1383 1386
352 353
246 251
984 986
251 254
635 638
506 507
8 12
788 790
235 238
824 829
254 255
1126 1145
442 453
478 480
1117 1126
339 352
1145 1148
273 274
1275 1276
937 943
1427 1430
617 619
4 8
1090 1095
425 435
1214 1227
593 595
522 537
1196 1208
82 86
920 925
487 503
1187 1189
1425 1427
1438 1440
649 683
1323 1325
834 837
284 290
1208 1210
848 849
453 454
705 708
603 605
1235 1237
463 469
802 805
551 553
557 565
1148 1161
103 107
1330 1331
389 398
177 181
112 114
807 809
1191 1195
192 201
182 187
241 246
99 100
685 692
323 329
986 987
633 635
785 787
1003 1009
1161 1166
849 870
97 99
1331 1335
86 87
368 378
336 339
1434 1436
1051 1057
207 209
1327 1330
805 806
290 313
12 15
683 685
1181 1184
438 439
965 980
1392 1416
744 759
480 483
329 332
912 918
619 633
590 592
1308 1311
100 103
1246 1251
774 778
1251 1252
181 182
107 112
1279 1281
41 20
925 928
1250 1254
315 328
1313 1317
1106 1134
300 301
271 284
177 182
632 635
1160 1162
1026 1037
193 206
366 380
665 667
1350 1361
571 576
389 410
1023 1026
1348 1350
1422 1425
1304 1306
605 621
350 354
1084 1088
1062 1066
958 961
223 229
1088 1100
604 605
380 384
909 922
847 871
33 38
1162 1183
871 883
1364 1383
1014 1015
328 341
384 385
816 824
57 76
385 389
447 485
532 552
1278 1281
790 795
883 893
1270 1276
206 207
184 193
284 296
1281 1304
631 632
491 492
1415 1422
907 909
641 661
961 966
1344 1348
161 167
1134 1147
100 100
305 326
835 839
441 448
985 992
270 273
335 337
1123 1129
117 119
557 561
87 94
1041 1050
360 370
1024 1028
1143 1146
1050 1059
1059 1060
485 488
1150 1156
1220 1222
520 538
207 211
934 945
1029 1031
25 38
141 149
49 60
1 2
885 898
699 701
396 397
42 49
218 234
1146 1148
974 976
907 910
1174 1175
1370 1374
1317 1322
1181 1182
1187 1191
900 907
755 757
1012 1023
1175 1181
1338 1340
992 999
1023 1024
150 151
597 599
517 520
448 457
742 745
1385 1394
1259 1260
1167 1168
910 912
842 847
2 16
234 235
433 441
1263 1270
370 379
1028 1029
1156 1159
878 885
604 606
745 751
1148 1150
80 81
730 742
1117 1119
467 468
511 512
390 396
1170 1174
1408 1411
159 162
94 96
1230 1231
1098 1111
947 948
562 565
1182 1187
410 411
282 286
917 918
149 150
1428 1432
847 853
1036 1037
61 63
1251 1256
643 646
424 428
933 934
248 270
753 755
1222 1225
1231 1240
1093 1098
411 420
1159 1167
1418 1419
661 666
607 608
690 697
666 690
792 795
1278 1304
1349 1354
912 917
898 900
701 707
235 248
187 189
286 295
585 593
1031 1036
38 42
757 777
959 974
697 699
1191 1193
1119 1123
332 335
1060 1072
74 80
1138 1143
172 176
60 61
470 471
63 74
129 141
273 282
477 485
621 622
1133 1136
1111 1117
81 86
468 470
299 303
1340 1347
606 607
123 129
955 959
512 517
1136 1138
1394 1404
927 933
421 424
948 952
213 215
599 604
471 477
420 421
404 410
751 753
1225 1230
924 927
1039 1041
488 498
777 792
579 585
1089 1093
102 114
1432 1436
212 213
211 212
610 621
918 924
1411 1418
1270 1274
1206 1214
839 842
1304 1308
295 299
428 433
952 955
176 187
853 868
114 115
628 643
593 597
337 360
538 555
1214 1220
1274 1278
96 102
717 726
710 711
1308 1311
303 305
1129 1133
16 25
1419 1428
151 159
1436 1440
608 610
1037 1039
999 1012
0 2
180 540
541 901
32 54
706 708
517 518
24 30
309 311
279 283
1150 1163
17 22
474 485
137 149
564 576
77 83
1369 1381
22 24
423 426
379 382
151 157
636 639
1338 1342
516 517
961 965
1431 1438
1005 1014
1252 1253
499 502
149 151
1077 1092
1359 1360
101 104
297 302
949 954
1127 1128
432 461
231 232
914 927
582 583
686 692
661 676
839 844
547 564
797 822
986 1001
751 768
770 771
890 903
1206 1214
584 587
1046 1052
592 618
1410 1428
283 296
913 914
232 278
1242 1252
1115 1120
311 317
359 360
1216 1224
296 297
1334 1338
887 890
1128 1143
1428 1431
1052 1069
1353 1359
908 909
845 847
796 797
583 584
368 379
708 717
838 839
1408 1410
776 796
541 547
623 634
692 695
1092 1100
1257 1268
844 845
1214 1216
462 468
1395 1402
587 592
660 661
942 947
341 352
61 42
727 732
967 973
453 477
859 863
1411 1413
1230 1246
858 859
1379 1394
1096 1103
1407 1411
309 313
1072 1073
1157 1158
1204 1212
294 306
1150 1152
541 542
1080 1085
98 99
842 850
521 522
41 43
335 353
966 967
508 515
864 865
478 484
1224 1228
436 438
1253 1254
1246 1253
241 243
638 643
237 240
317 321
752 759
434 436
1271 1273
209 231
246 250
206 207
120 123
315 316
865 866
1357 1361
515 521
690 692
103 111
1287 1289
1169 1170
850 851
1374 1379
1222 1224
477 478
933 935
1158 1159
113 120
1328 1332
129 145
732 741
1286 1287
123 129
973 975
484 485
1308 1323
1280 1281
252 256
145 149
1394 1402
1423 1425
313 314
80 83
314 315
1190 1204
870 878
1188 1190
1153 1156
909 922
231 236
626 635
497 498
922 924
710 711
551 585
654 655
1004 1007
1371 1374
285 292
445 453
292 294
648 654
1122 1127
747 749
404 406
182 203
657 666
506 508
981 998
203 206
851 858
1221 1222
101 103
1052 1062
10 77
1209 1217
679 690
751 765
1362 1371
1181 1190
642 650
491 496
120 138
1108 1131
445 458
140 161
81 83
1352 1353
309 315
995 1000
719 733
975 981
393 397
380 391
790 804
690 699
541 562
662 665
304 309
736 746
1371 1380
1191 1209
1353 1362
569 580
184 187
62 81
428 431
292 304
623 642
653 662
772 783
984 992
1030 1044
187 188
1044 1084
424 428
944 946
1409 1413
584 617
1430 1432
431 435
87 88
1238 1262
1138 1147
1008 1022
458 466
287 292
202 207
332 348
1351 1352
889 893
915 917
783 789
469 473
765 771
17 21
580 584
397 400
830 831
437 445
32 33
436 437
1328 1350
1291 1293
391 393
893 895
1000 1008
562 564
622 623
906 913
1131 1136
895 904
665 668
241 251
1279 1287
913 915
1396 1409
1293 1309
746 751
400 417
1427 1430
1136 1138
37 56
1066 1075
1195 1205
873 874
68 82
575 577
1415 1416
269 285
1377 1378
1048 1064
1250 1256
1268 1269
1372 1375
1424 1427
1431 1440
97 99
1400 1415
507 510
36 38
31 36
1075 1102
983 995
309 311
1064 1066
772 776
163 177
311 312
955 958
1116 1125
613 618
1294 1313
1111 1116
618 623
219 228
123 142
160 163
638 654
837 838
117 123
207 219
1360 1364
29 31
1183 1187
360 364
105 109
858 862
259 269
1281 1283
444 445
995 997
799 811
1130 1137
523 535
819 827
1336 1341
659 671
4 7
862 872
510 511
466 472
1346 1360
511 521
461 465
1176 1183
958 963
177 191
364 378
378 381
577 584
654 657
584 587
722 734
191 197
314 337
38 52
686 694
358 360
22 23
597 606
23 29
701 703
1188 1189
838 856
1125 1130
337 347
347 358
433 444
197 207
587 590
472 485
963 977
906 910
937 947
1213 1217
2 0
1080 1430
11 361
100 100
57 64
993 1000
964 972
331 338
172 180
374 381
777 784
1080 1087
806 813
1224 1231
1051 1058
576 583
691 698
244 252
28 36
446 453
489 496
1353 1360
460 468
979 986
216 223
1180 1188
532 540
1209 1216
1195 1202
475 482
1339 1346
1036 1044
273 280
1238 1245
720 727
302 309
230 237
1022 1029
43 50
1166 1173
1324 1332
1411 1418
950 957
619 626
1382 1389
705 712
892 900
1137 1144
259 266
100 108
792 799
820 828
158 165
1425 1432
1368 1375
633 640
878 885
360 367
129 136
1108 1116
921 928
0 7
864 871
1008 1015
187 194
734 741
676 684
345 352
316 324
849 856
561 568
504 511
936 943
1296 1303
115 122
1152 1159
417 424
1065 1072
547 554
662 669
604 612
288 295
1267 1274
1123 1130
590 597
748 756
1094 1101
403 410
907 914
518 525
1252 1260
1310 1317
14 21
1396 1404
432 439
201 208
72 79
1281 1288
388 396
763 770
86 93
835 842
648 655
144 151
1288 1296
64 72
1274 1281
885 892
1159 1166
468 475
424 432
741 748
1116 1123
21 28
1216 1224
180 187
50 57
1044 1051
136 144
583 590
1188 1195
914 921
295 302
986 993
1000 1008
640 648
813 820
7 14
1346 1353
540 547
280 288
1317 1324
482 489
122 129
727 734
439 446
511 518
352 360
684 691
1418 1425
957 964
108 115
626 633
928 936
1058 1065
1130 1137
799 806
1231 1238
208 216
900 907
1202 1209
1303 1310
309 316
1173 1180
410 417
871 878
396 403
943 950
338 345
756 763
568 576
655 662
842 849
252 259
669 676
194 201
36 43
324 331
223 230
770 777
1101 1108
1144 1152
367 374
496 504
856 864
612 619
712 720
698 705
165 172
554 561
1245 1252
79 86
381 388
597 604
1432 1440
1015 1022
525 532
1389 1396
1404 1411
266 273
1087 1094
237 244
1072 1080
828 835
972 979
1375 1382
1360 1368
1332 1339
93 100
453 460
1260 1267
784 792
151 158
1029 1036
96 89
1371 1374
978 985
329 336
1430 1432
617 618
825 838
1395 1396
1069 1078
1215 1227
28 39
1205 1207
1387 1395
429 453
1366 1367
899 900
404 407
1267 1279
1367 1369
547 549
4 10
379 387
1207 1212
348 353
765 774
642 664
726 730
102 111
43 52
354 355
1078 1087
737 751
1333 1342
1012 1015
1331 1333
1326 1327
301 304
291 293
570 571
387 396
87 102
686 692
1382 1385
471 475
838 839
664 667
782 783
518 528
708 726
618 620
900 914
939 949
353 354
1279 1282
304 314
402 403
1418 1419
52 65
996 998
1091 1100
1026 1034
1381 1382
898 899
584 589
456 463
1194 1205
1306 1321
874 875
854 855
1374 1377
342 347
1017 1019
161 171
171 173
123 136
139 152
1329 1331
1238 1249
549 553
417 426
1044 1046
810 821
1164 1169
396 399
1249 1267
1019 1026
39 43
484 485
1322 1326
855 874
1365 1366
1301 1306
1106 1116
667 671
1174 1185
487 490
846 854
1436 1439
1121 1133
953 957
976 978
65 74
805 810
136 137
74 78
211 212
601 611
336 337
706 708
692 693
173 184
571 579
569 570
998 1001
277 291
228 230
111 123
259 261
463 471
730 737
184 187
579 581
321 326
798 805
626 630
1212 1215
1140 1143
475 484
1185 1191
1419 1421
274 277
1358 1359
1421 1427
1321 1322
1058 1069
560 565
261 274
704 706
1385 1386
681 686
620 626
10 11
314 319
783 791
927 929
589 601
581 584
780 782
347 348
988 996
1386 1387
1432 1436
694 703
1377 1379
399 402
1153 1159
512 518
1297 1301
212 226
490 499
187 210
774 780
630 631
1100 1101
499 508
210 211
1133 1140
1236 1238
326 329
407 409
453 455
794 798
27 28
1159 1164
1170 1172
1287 1295
1087 1091
703 704
933 939
949 953
1143 1153
508 512
78 79
791 794
337 342
553 560
24 67
683 733
984 985
1278 1280
1044 1045
1045 1056
261 268
90 96
248 256
118 131
284 285
16 24
344 361
652 654
912 913
898 908
1061 1072
1034 1044
1317 1334
1381 1386
918 919
919 938
1203 1215
180 200
733 747
1004 1017
1017 1034
651 652
138 140
646 651
856 865
913 918
1256 1278
813 818
1196 1203
282 284
373 385
515 521
256 261
1399 1418
1386 1395
985 1004
363 373
1090 1169
386 395
279 282
211 215
968 984
483 492
426 430
1056 1061
1428 1436
4 16
176 180
97 101
818 830
521 528
1353 1381
1254 1256
528 540
1351 1353
1219 1228
131 138
911 912
51 57
430 439
361 363
395 426
1072 1090
836 839
884 891
682 683
200 204
24 35
606 645
1395 1399
101 118
1421 1426
892 898
603 606
944 968
938 944
96 97
1215 1219
1231 1234
448 483
1169 1176
385 386
57 67
1228 1231
1176 1196
540 553
62 45
52 63
780 782
372 377
1410 1412
1207 1212
598 600
446 449
309 310
760 763
920 926
821 826
622 630
49 52
488 489
846 852
1429 1430
595 598
1214 1217
1265 1274
672 680
855 874
445 446
493 504
286 291
507 514
1323 1332
385 387
140 157
653 656
1373 1374
667 672
1277 1278
604 608
803 805
763 772
72 73
1090 1092
514 519
470 471
1082 1088
12 15
157 165
323 331
726 735
567 574
842 845
178 186
101 107
471 473
1435 1437
1338 1344
534 545
187 190
967 972
1131 1132
772 777
1318 1321
237 240
1117 1131
1413 1420
310 314
231 237
1261 1262
1112 1114
123 126
1092 1097
115 121
46 48
577 586
291 305
912 914
898 912
586 595
630 632
314 315
121 123
364 366
987 988
1260 1261
1409 1410
1100 1102
657 658
692 716
1217 1219
642 643
1233 1234
465 466
1404 1409
1181 1182
1190 1205
574 577
1221 1233
492 493
451 454
1168 1169
273 274
1426 1429
1430 1433
1305 1308
196 212
307 309
387 389
346 347
1183 1189
441 445
73 85
952 956
1 100
173 181
1213 1215
1090 1095
921 922
846 851
568 570
1002 1012
38 44
856 859
135 139
364 369
432 435
823 826
1136 1151
1071 1073
1157 1159
165 167
715 724
1239 1240
1283 1286
813 814
183 191
682 685
121 128
564 565
1377 1379
985 1002
61 68
617 620
1355 1357
403 407
324 326
1012 1014
537 538
1391 1397
424 425
1189 1194
1073 1074
787 790
488 492
673 677
128 130
134 135
661 663
1264 1265
772 775
1015 1020
777 778
427 432
534 536
702 704
58 60
378 381
80 83
1025 1039
492 495
1039 1040
33 38
398 403
923 934
1014 1015
130 134
934 948
1364 1369
1042 1064
1433 1440
1163 1167
1411 1413
1359 1363
808 810
237 246
1379 1391
828 839
1215 1222
1081 1089
26 30
1104 1107
967 969
1194 1195
280 310
60 61
460 472
1238 1239
839 846
603 607
194 198
317 319
99 117
191 194
437 440
167 173
1151 1157
1313 1317
1350 1352
797 808
565 568
784 787
1089 1090
330 332
620 621
646 651
46 91
1357 1362
1119 1125
107 110
1242 1252
186 190
979 983
877 880
24 26
1102 1103
47 52
33 35
1252 1254
892 894
470 477
1419 1421
1137 1143
584 587
751 754
183 186
1321 1325
680 681
529 534
41 47
841 843
1430 1435
1384 1398
403 405
544 546
457 462
1223 1235
357 360
833 834
1264 1269
251 271
872 877
521 529
561 563
1192 1193
462 464
925 945
174 176
834 835
1173 1178
757 758
1379 1384
1270 1273
572 574
1023 1024
334 337
918 920
732 744
477 478
10 16
391 400
1314 1321
1425 1428
855 856
315 328
894 909
296 314
1421 1425
797 798
764 769
1256 1257
378 381
288 290
687 691
503 515
247 248
991 1005
1366 1367
362 373
177 183
328 330
52 60
676 680
646 649
431 435
1162 1167
691 694
1345 1346
1238 1239
639 640
649 650
1027 1028
1005 1016
1346 1353
1398 1400
515 521
835 840
7 10
1143 1145
1269 1270
1218 1221
220 221
1208 1214
889 892
564 572
697 705
1061 1064
1375 1379
337 345
1132 1137
1429 1430
1332 1340
142 144
1079 1093
1078 1079
1064 1068
1367 1368
587 590
758 762
119 127
1098 1102
909 912
223 232
577 581
480 482
487 498
464 470
983 989
16 21
1193 1200
974 976
750 751
1202 1206
650 674
354 355
1374 1375
622 624
405 406
798 807
602 609
1145 1154
1096 1097
1340 1345
1261 1264
0 2
11 361
1080 1440
55 35
10 18
648 660
488 518
850 851
847 848
1006 1026
793 795
69 70
1385 1387
56 69
1414 1415
754 766
360 363
199 207
971 980
1032 1035
871 883
268 292
244 246
363 374
1088 1092
737 739
428 445
1408 1411
353 359
594 597
969 971
70 89
660 662
1401 1405
374 405
797 801
302 304
696 737
1246 1252
932 940
43 50
1052 1056
120 122
1371 1379
1384 1385
848 850
1405 1408
662 669
405 418
472 480
584 591
739 741
1423 1431
669 696
1075 1085
766 770
1036 1052
819 824
870 871
540 560
232 234
304 305
133 137
122 127
895 897
462 472
922 931
193 199
1211 1237
615 617
741 754
1035 1036
1092 1100
346 353
18 20
580 584
127 133
449 462
1065 1069
824 847
424 428
862 870
89 115
327 346
1397 1401
985 993
1056 1057
622 648
292 302
770 774
888 895
445 449
1159 1164
115 120
2 0
10 360
1080 1430
86 5
516 538
1413 1417
707 708
386 395
468 476
402 414
933 934
209 210
1111 1129
1376 1378
593 606
974 975
244 272
84 87
855 869
1070 1071
1030 1044
547 554
629 630
423 427
650 660
489 498
1359 1370
1281 1284
91 96
293 301
196 204
1026 1027
398 399
331 335
401 402
1266 1269
66 69
10 19
538 540
1388 1390
829 832
1146 1160
768 783
744 764
1073 1100
1323 1326
96 97
1264 1266
937 949
554 559
41 58
1316 1319
995 1003
708 711
840 855
383 386
791 796
242 244
414 421
1390 1395
429 436
301 311
142 155
894 933
1319 1323
1326 1341
796 799
317 324
1181 1185
509 511
706 707
562 572
337 383
832 840
952 956
1341 1351
476 483
213 219
1436 1440
210 213
949 952
498 505
807 825
58 66
825 829
1107 1109
167 177
1269 1281
1379 1388
957 966
155 167
487 489
428 429
422 423
1311 1316
82 72
451 464
529 532
949 951
17 21
1326 1346
30 41
689 694
1284 1288
1392 1404
368 393
41 45
241 245
713 724
891 892
1288 1294
400 402
1037 1039
1300 1303
1296 1297
295 306
1315 1320
506 516
1134 1136
532 534
892 900
497 499
1239 1251
564 565
541 544
687 689
112 115
1191 1192
827 838
521 529
636 640
1404 1408
309 311
1001 1008
1362 1364
193 202
1106 1109
1438 1440
464 465
795 800
1136 1139
1132 1133
951 954
594 597
1251 1257
1261 1263
103 112
574 576
882 891
402 411
694 702
290 295
1271 1284
1303 1306
738 747
74 85
209 219
465 489
569 574
180 190
411 415
489 494
1410 1413
11 17
1018 1030
1413 1426
750 751
142 144
329 333
1426 1430
427 433
565 569
1095 1098
349 350
576 579
1365 1382
842 843
1408 1410
125 142
119 121
1088 1095
306 308
904 916
709 713
597 606
311 329
1133 1134
21 27
9 11
93 103
606 611
364 368
499 502
1046 1047
1130 1131
27 30
1294 1296
308 309
1102 1106
751 754
219 236
1172 1183
1354 1357
1139 1143
202 207
838 842
1059 1061
1382 1384
158 174
973 983
1109 1130
1157 1166
1310 1314
1076 1085
845 868
49 56
545 551
1039 1046
1265 1268
1320 1326
144 158
1166 1172
785 795
961 965
1030 1033
441 450
640 669
115 119
767 771
1061 1064
517 519
1384 1392
800 812
1047 1057
584 588
502 506
121 124
1360 1362
588 593
556 564
245 247
669 678
393 400
239 241
174 180
516 517
1064 1076
629 632
534 541
992 993
64 45
929 935
275 294
640 651
535 536
439 443
531 535
790 791
411 412
254 262
216 217
63 65
548 556
505 522
926 929
138 140
75 87
651 662
701 711
1016 1017
935 973
620 630
229 238
7 19
65 75
322 354
238 247
262 275
412 415
732 739
55 59
1164 1181
614 620
917 926
757 762
850 890
1237 1244
160 165
54 55
1285 1288
699 701
1232 1237
973 974
791 795
294 299
522 526
171 187
445 458
59 63
1324 1360
1062 1103
130 138
795 808
812 818
165 171
536 545
1399 1401
98 121
399 411
1022 1025
1288 1314
1432 1440
140 143
763 765
765 780
1205 1232
637 640
193 196
87 94
196 216
248 254
247 248
711 723
483 498
1247 1261
443 445
598 614
1320 1324
739 746
1014 1016
723 731
808 812
398 399
1025 1034
30 45
468 475
187 193
1244 1247
464 468
1401 1421
299 300
1017 1022
1261 1269
974 1014
818 830
19 20
903 917
53 54
681 683
1360 1371
630 637
762 763
151 160
415 439
498 505
1269 1285
586 598
1181 1189
780 790
475 483
36 15
765 766
487 500
108 110
941 946
308 318
877 882
84 93
1258 1299
1069 1070
435 439
842 847
1305 1321
704 712
783 789
558 589
178 201
1135 1179
589 595
915 916
595 601
1368 1392
680 690
384 394
667 680
112 151
300 308
1192 1202
523 526
220 228
329 332
1096 1107
781 783
633 638
1212 1227
101 108
93 98
970 979
639 645
1344 1368
981 984
318 329
1233 1247
272 275
984 1000
1124 1134
518 523
1000 1032
773 781
400 406
645 651
821 830
92 87
518 528
854 857
1325 1341
367 368
205 226
200 201
904 907
259 263
1187 1192
867 868
1397 1399
186 187
127 137
1192 1207
1232 1253
747 748
375 382
722 727
1436 1438
772 777
1153 1161
112 126
137 157
410 417
424 432
1116 1118
615 623
857 863
1261 1264
789 795
327 329
48 50
103 112
1083 1103
368 375
1341 1348
194 198
940 942
1314 1325
547 548
942 948
528 529
537 547
1276 1279
321 327
50 53
548 553
61 62
908 915
300 308
1115 1116
1041 1046
1103 1115
743 747
915 920
329 354
673 677
987 988
684 688
500 505
242 259
178 186
727 743
461 464
529 535
641 649
1220 1232
163 178
1025 1027
85 87
227 239
512 518
1403 1408
1082 1083
1411 1413
605 606
974 977
509 512
1145 1153
239 242
863 867
398 404
456 461
1172 1183
1006 1007
1414 1415
53 61
763 771
1264 1265
1036 1041
464 477
977 981
606 615
382 386
830 854
655 658
553 561
924 940
1253 1255
477 481
748 761
226 227
1007 1008
771 772
481 495
658 669
191 194
1301 1314
948 952
920 922
421 424
981 987
1430 1436
12 18
623 624
707 713
815 830
713 721
922 924
392 398
1420 1421
1421 1428
1348 1355
1003 1005
1008 1012
45 48
263 270
99 103
449 452
889 890
567 569
972 974
1027 1030
1207 1208
90 98
198 200
360 367
1255 1257
563 564
1356 1361
1212 1213
1118 1119
1394 1397
964 965
495 496
1057 1063
1063 1066
1056 1057
1127 1145
1413 1414
1361 1375
1376 1379
432 434
1005 1006
10 12
417 420
201 205
505 509
602 605
669 673
420 421
990 991
499 500
988 990
81 85
802 815
1015 1025
24 44
1066 1068
677 684
1081 1082
890 904
1080 1081
1068 1080
44 45
997 1003
638 641
991 997
1408 1411
34 73
690 695
364 372
859 874
1323 1332
1361 1369
1127 1132
358 364
851 852
881 884
971 981
179 190
400 411
983 1007
756 770
1112 1114
943 946
140 146
157 160
87 89
1399 1403
917 930
234 237
352 358
672 674
1297 1301
287 289
1114 1127
1275 1276
1205 1206
1023 1032
571 574
1106 1112
1077 1084
678 679
36 37
237 248
152 157
411 417
1058 1073
1289 1293
382 383
1293 1297
1180 1182
1141 1142
601 606
1373 1377
278 287
574 576
1204 1205
66 72
1203 1204
695 697
208 212
221 222
1332 1354
1074 1077
1178 1180
1370 1373
981 983
1133 1140
516 525
423 430
230 232
476 479
1032 1035
606 608
884 894
772 773
488 500
712 717
124 130
738 741
97 98
302 306
326 336
12 14
525 527
838 845
1183 1184
618 619
430 436
269 270
1018 1022
1242 1246
1397 1399
590 600
264 269
372 382
79 87
1104 1106
1384 1385
130 139
631 632
1101 1104
475 476
697 701
315 316
1182 1183
721 725
479 488
336 337
679 681
1142 1157
946 950
451 456
165 172
1403 1408
11 15
704 720
397 402
729 733
1010 1013
919 924
828 848
324 334
596 604
733 745
875 898
1332 1351
1005 1010
68 120
1414 1416
722 729
383 396
745 763
382 383
868 873
904 906
1241 1244
1246 1268
1358 1374
396 397
7 10
10 19
55 76
643 649
459 460
1179 1183
939 951
1200 1201
689 719
46 49
1043 1049
335 337
1439 1440
1297 1313
938 939
1123 1127
120 121
772 792
1007 1043
1077 1082
195 197
892 904
825 838
74 75
59 66
192 195
659 663
402 423
563 579
96 98
327 335
385 393
1403 1410
128 131
88 89
1248 1251
1103 1121
75 80
277 281
393 396
838 845
586 591
649 659
49 59
1313 1320
1348 1359
883 892
1188 1200
1359 1376
845 849
801 807
1288 1297
80 82
337 356
182 185
971 981
478 479
449 459
667 672
542 546
798 801
745 747
727 742
1379 1381
1410 1413
1121 1123
1376 1379
532 533
35 44
1251 1276
262 277
1208 1248
21 23
1183 1188
771 772
951 955
322 327
9 20
358 360
1329 1332
228 229
460 478
928 938
23 35
753 755
1161 1163
4 9
317 322
98 118
538 542
747 753
1402 1403
1340 1348
927 928
767 771
426 444
82 88
958 971
1276 1285
679 689
282 317
904 905
663 667
1082 1084
1381 1396
1332 1340
533 535
136 146
396 402
792 794
1163 1179
594 601
765 767
550 551
807 815
535 537
912 927
89 91
1204 1208
20 21
591 593
580 586
67 74
1413 1417
146 152
998 1007
1102 1103
281 282
153 162
755 762
1159 1161
131 136
185 192
229 248
20 9
1130 1134
888 891
94 99
568 580
313 314
1158 1168
566 567
849 869
1170 1208
289 290
956 969
1028 1038
1079 1084
1281 1282
381 390
239 245
1343 1371
969 1001
1257 1275
257 272
1092 1123
580 583
335 345
900 905
1169 1170
391 417
1215 1217
295 304
1065 1066
49 6
530 537
1290 1302
1038 1039
1346 1347
771 772
302 307
516 526
369 387
602 619
173 178
671 690
424 445
1196 1199
1246 1262
1371 1382
78 81
1039 1045
270 272
1046 1054
887 913
244 264
1333 1334
453 474
1230 1232
922 925
692 709
569 574
1226 1230
415 421
48 50
171 173
398 399
663 667
806 814
166 171
1054 1055
1158 1170
448 453
784 787
1170 1179
1398 1400
1074 1077
1185 1187
1413 1417
1389 1394
1382 1383
690 691
724 752
387 392
1286 1290
1417 1418
667 669
1218 1226
846 854
1418 1424
37 90
787 788
523 534
243 245
590 591
605 614
276 279
1365 1366
1046 1054
1170 1175
1349 1357
757 763
50 58
199 209
820 823
406 418
955 957
127 128
270 275
269 270
184 187
285 290
779 783
856 873
135 139
849 856
284 285
1003 1019
197 199
975 978
110 115
41 42
1292 1294
534 535
1425 1432
145 146
125 127
1036 1039
1294 1299
1167 1170
129 135
1402 1415
28 29
334 340
139 145
422 428
1192 1197
210 220
960 975
876 882
494 510
1045 1046
161 165
1366 1379
617 619
768 774
265 269
340 370
37 41
1092 1100
323 325
884 902
1331 1332
678 680
918 925
591 605
1121 1123
128 129
93 100
1176 1179
763 768
882 884
660 661
848 849
23 26
1397 1402
946 954
1439 1440
783 787
1318 1325
1078 1079
1379 1384
82 93
1039 1045
913 918
60 65
106 110
957 959
172 181
1109 1110
554 563
146 148
428 437
563 577
656 658
209 210
1100 1105
706 712
388 391
187 189
1054 1059
664 666
305 319
1022 1034
298 304
374 388
290 296
105 106
1364 1365
1133 1137
1270 1275
189 190
791 820
65 69
1266 1267
1034 1035
492 494
437 471
1035 1036
1286 1292
483 484
1267 1270
319 323
680 706
8 23
1336 1349
192 197
1110 1113
100 84
1308 1309
276 279
1127 1128
712 720
1297 1298
457 458
958 959
829 834
780 783
1020 1021
561 564
1402 1416
1065 1068
649 653
419 421
38 41
1439 1440
29 30
875 886
1102 1106
512 516
968 969
939 944
1069 1074
476 486
850 851
965 968
910 911
764 765
487 491
1239 1245
653 658
580 582
636 640
1351 1356
1077 1080
343 346
498 499
460 463
348 350
1327 1328
1188 1196
156 162
584 586
1121 1125
1132 1134
696 703
333 334
793 794
872 875
525 526
1209 1215
467 476
528 538
1370 1375
935 939
357 366
83 87
1234 1239
350 357
87 90
720 721
433 434
191 197
1075 1077
591 593
517 520
1080 1085
918 931
593 595
1257 1258
12 15
914 916
246 249
90 92
1376 1393
1054 1059
162 163
960 965
1316 1327
1017 1020
867 869
1314 1316
189 190
1086 1102
1310 1311
613 616
140 149
1208 1209
341 342
1338 1340
1128 1132
237 241
647 649
32 33
53 54
557 559
616 622
1196 1203
1062 1063
1035 1040
4 12
693 696
588 591
990 993
414 415
1247 1250
869 870
300 301
222 223
1021 1024
369 372
526 528
1170 1174
969 971
975 990
959 960
1298 1299
486 487
586 588
452 456
944 957
597 610
812 818
366 369
34 38
658 661
228 230
1279 1297
1005 1017
1375 1376
30 32
763 764
864 867
582 584
464 465
1437 1439
187 189
957 958
399 404
1343 1348
862 864
113 121
1274 1279
1309 1310
522 523
1230 1234
451 452
911 912
993 995
178 180
783 785
747 752
566 571
1029 1035
794 797
392 393
56 60
23 25
301 308
707 712
1256 1257
1348 1351
1145 1166
279 288
612 613
931 933
1203 1204
1028 1029
870 871
346 348
1416 1420
213 217
1050 1054
449 451
1420 1422
871 872
559 561
900 910
334 341
762 763
1109 1121
916 918
1040 1050
21 19
336 340
438 440
687 688
574 582
1187 1220
679 682
440 448
873 881
684 687
960 976
154 183
43 52
773 787
1043 1046
374 382
516 521
131 135
1422 1440
787 804
698 702
657 668
521 523
1046 1047
695 698
644 646
584 586
591 597
497 498
1414 1415
1037 1042
300 302
1181 1184
83 92
909 927
938 939
460 493
731 739
939 945
570 571
148 154
0 100
522 524
639 645
10 11
626 634
507 512
817 818
907 913
1335 1337
443 445
1171 1176
1368 1377
1204 1213
662 670
677 678
520 522
49 51
1301 1304
753 760
339 344
868 869
954 956
981 986
231 232
563 572
1167 1171
1359 1361
1056 1057
991 994
360 369
411 412
794 801
1016 1021
741 745
78 79
350 352
1069 1074
453 458
377 384
177 180
291 292
574 575
956 962
1220 1233
163 176
948 951
176 177
410 411
1192 1193
679 684
334 339
399 408
1343 1348
137 141
1176 1185
329 334
1338 1343
896 899
720 723
1238 1240
1361 1366
389 393
1189 1191
1244 1254
1436 1440
804 813
658 662
126 128
943 947
1051 1054
873 880
723 732
1202 1203
801 804
240 241
1290 1291
922 925
4 10
210 214
899 907
925 933
1215 1220
701 705
634 639
128 130
782 783
204 210
844 866
1099 1102
1003 1006
866 868
869 873
1021 1024
480 491
111 112
1161 1167
684 689
1278 1286
619 621
112 116
1203 1204
1 1
0 1
1439 1440
2 0
0 360
1080 1430
0 2
1439 1440
0 1
14 18
364 411
818 839
1217 1324
496 503
518 520
485 496
881 998
1326 1401
780 818
597 613
142 253
861 881
839 841
629 730
39 106
411 434
1185 1217
308 326
1137 1185
434 457
1401 1440
106 131
520 526
613 629
131 142
841 848
998 1084
326 364
1121 1137
730 780
1107 1121
503 518
75 56
1174 1175
756 757
402 404
1429 1432
343 351
960 963
925 933
1 2
990 1002
1137 1139
472 475
1185 1189
125 128
1224 1235
825 834
486 492
1195 1196
685 686
291 292
7 13
583 588
636 639
898 903
357 359
1235 1248
394 395
508 514
536 538
817 818
981 983
228 231
13 16
534 536
359 362
234 235
514 521
868 889
407 411
1160 1166
156 164
1209 1213
738 743
907 908
1300 1304
26 30
56 64
411 417
1214 1217
1261 1263
64 65
77 79
1406 1410
933 935
757 771
383 384
73 77
957 958
671 672
1166 1167
1221 1222
771 772
521 528
203 204
951 957
1047 1054
1006 1007
1410 1416
231 234
205 209
2 6
1183 1185
1179 1183
496 506
417 418
573 583
904 907
1132 1135
639 640
806 812
1148 1151
698 705
166 179
1213 1214
1208 1209
22 26
799 802
715 721
972 977
1065 1066
483 486
1167 1173
1400 1402
867 868
613 627
381 383
543 561
608 613
969 972
494 496
301 303
1145 1146
588 589
530 534
866 867
666 670
460 462
219 221
49 56
686 691
963 965
103 105
889 898
1263 1287
296 298
1327 1335
734 735
600 602
105 106
235 239
853 854
1432 1440
652 661
506 508
115 125
1199 1206
16 19
528 530
627 629
80 95
221 228
239 262
2 0
10 360
1079 1429
84 19
500 502
1339 1340
92 107
1020 1029
123 128
1221 1233
924 933
615 616
1187 1195
243 262
836 851
396 399
542 546
659 671
1389 1394
308 324
602 608
452 458
671 699
108 122
399 422
324 330
1172 1182
769 774
628 634
1286 1287
993 1002
1369 1370
503 519
502 503
122 123
1336 1339
1317 1326
750 762
858 863
1116 1118
961 964
1063 1068
580 584
1377 1379
140 146
1154 1164
1370 1377
1195 1204
1326 1336
136 140
1288 1293
1340 1359
918 924
1293 1299
1184 1185
1287 1288
262 263
292 304
1363 1369
107 108
983 986
1169 1172
584 602
1240 1249
1164 1169
851 858
956 961
1379 1387
285 292
83 92
422 425
464 465
1081 1088
384 396
1301 1307
1204 1208
1208 1209
1209 1215
699 700
534 538
519 534
1185 1187
1006 1020
461 464
1403 1404
571 580
362 365
331 337
762 769
20 59
616 628
59 83
1407 1425
800 804
971 983
1215 1221
1050 1063
1278 1286
1233 1240
237 243
469 475
1134 1140
425 452
804 817
1249 1269
216 231
539 540
54 22
349 350
1341 1343
1064 1074
531 532
1108 1114
611 618
797 799
1220 1223
1152 1165
360 367
1001 1007
1182 1183
8 12
651 654
218 220
654 656
1022 1027
841 846
145 156
200 206
1278 1279
319 323
748 753
997 1001
196 200
122 130
571 580
634 648
935 955
838 841
1431 1440
130 135
663 664
820 838
429 440
1279 1280
190 196
1318 1324
1324 1332
275 278
1252 1274
926 932
1196 1200
81 82
1166 1172
67 72
1123 1125
906 909
399 415
137 143
230 238
82 91
1249 1250
1239 1249
447 485
783 797
591 595
1125 1126
741 748
246 265
1150 1152
267 275
1011 1020
1092 1105
846 847
266 267
367 368
488 494
847 896
158 168
1250 1252
1126 1131
799 813
328 339
813 820
1313 1315
0 91
1248 1249
977 990
496 509
287 296
1426 1430
263 270
217 219
237 244
1366 1369
1126 1127
594 597
1147 1148
109 114
130 132
1039 1041
1196 1200
1084 1095
1006 1007
897 904
554 558
664 670
965 968
705 715
80 85
684 689
805 814
798 801
801 803
1357 1361
561 563
589 594
545 547
175 179
919 923
47 49
1227 1231
910 913
552 554
1218 1219
1389 1407
118 122
163 169
74 76
1141 1146
76 80
153 157
605 611
1286 1288
670 684
1205 1214
924 937
20 22
85 92
224 226
54 57
766 773
774 785
653 657
803 805
386 393
332 334
1200 1205
248 254
1304 1311
179 186
348 354
1240 1247
551 552
663 664
1417 1426
976 977
373 380
193 206
1219 1227
751 759
488 496
1125 1126
1152 1155
558 561
151 152
509 519
270 276
408 413
57 61
322 325
1332 1333
92 97
325 332
400 404
549 551
916 918
73 21
771 786
521 525
936 947
730 731
1326 1328
737 739
247 248
660 668
631 639
1423 1430
264 279
724 730
212 222
520 521
1186 1187
1067 1073
1187 1210
1089 1096
850 856
979 987
86 88
204 212
544 547
525 526
43 50
615 621
462 468
576 586
742 746
1176 1180
286 288
1210 1211
1031 1035
1362 1375
189 193
1376 1381
492 494
38 41
629 631
1141 1148
2 4
1269 1276
180 181
748 756
715 724
232 242
468 473
849 850
495 499
79 86
475 481
1232 1240
511 512
25 33
603 608
33 38
570 571
746 748
4 10
316 320
242 247
885 888
146 149
954 959
1276 1278
1324 1326
536 538
1288 1292
427 428
408 412
281 284
222 228
1134 1136
993 1002
405 408
1024 1025
794 801
1022 1024
169 178
959 961
731 733
56 79
388 389
499 504
140 141
1412 1413
1118 1120
696 705
1043 1061
801 806
41 43
473 475
987 993
786 788
60 78
1007 1012
362 386
878 892
293 298
1166 1181
280 287
80 139
305 317
39 64
14 39
1181 1188
1296 1320
673 675
1368 1384
411 436
929 931
931 944
392 396
141 162
272 275
918 929
407 411
275 280
816 819
966 975
492 509
1013 1030
603 611
340 347
800 802
162 165
1400 1405
352 362
852 853
1249 1255
808 816
913 918
853 859
1255 1259
165 190
266 268
823 840
1229 1238
675 681
396 407
1359 1364
347 352
725 728
1044 1047
260 266
386 392
1345 1354
744 756
1384 1385
977 989
317 339
560 563
975 977
242 249
1320 1329
1226 1229
944 957
611 617
592 600
195 217
708 718
565 567
1354 1359
512 523
268 272
740 744
641 655
661 673
1161 1166
5 6
457 475
802 808
871 878
509 512
1012 1013
475 492
737 740
1279 1296
217 218
190 195
893 899
6 14
292 293
989 997
840 851
630 641
1339 1344
1241 1249
1140 1156
892 893
1030 1044
1329 1337
1398 1400
64 67
1238 1241
859 862
1432 1440
617 624
628 630
555 560
624 628
819 823
249 255
1337 1339
554 555
1364 1368
1259 1279
1047 1078
862 871
1103 1140
899 913
763 765
287 292
684 708
545 554
577 592
718 725
1098 1103
567 577
1405 1414
1078 1096
219 225
1344 1345
681 684
766 800
1096 1097
1188 1226
298 305
225 242
218 219
563 565
1385 1398
1414 1432
74 52
790 795
837 838
330 338
610 616
79 82
1118 1121
774 784
1396 1409
1138 1139
1192 1201
1014 1015
878 880
249 255
768 770
1201 1207
887 897
1027 1030
346 351
1166 1178
637 638
466 477
1420 1425
710 718
1265 1269
130 131
496 510
964 965
913 917
702 703
1327 1341
1011 1012
452 453
1101 1104
1115 1118
907 913
920 924
1305 1310
1140 1161
872 875
679 684
53 61
1215 1216
443 446
965 966
417 422
66 67
139 143
1016 1027
487 489
406 410
374 379
606 607
106 111
447 452
360 363
46 50
245 249
928 929
636 637
875 876
719 725
949 950
345 346
67 79
1139 1140
966 968
1379 1381
1415 1418
1104 1105
512 515
429 434
1015 1016
1092 1098
156 159
684 687
705 707
61 62
381 382
51 53
784 790
725 726
968 971
1012 1014
1322 1327
547 548
116 123
1233 1234
1280 1289
266 276
607 609
363 374
835 836
1289 1302
605 606
625 626
540 541
111 113
319 330
131 133
645 648
1010 1011
283 285
208 223
1250 1251
153 156
1244 1248
1382 1383
37 41
480 487
825 827
82 88
1100 1101
23 24
351 360
1255 1258
858 870
1251 1255
1310 1318
62 66
633 636
291 297
196 197
1342 1347
162 168
1051 1059
422 424
44 56
652 660
634 639
1381 1386
1348 1352
660 662
687 688
135 136
1386 1388
150 151
467 476
817 818
248 249
78 82
578 582
825 826
1161 1178
603 621
162 170
1272 1273
1029 1030
870 876
235 237
798 817
502 512
82 98
1358 1368
1028 1029
882 883
688 690
19 20
908 917
1287 1290
1004 1005
1391 1392
1392 1394
860 862
1429 1440
73 75
1074 1079
1266 1272
523 528
754 765
765 766
28 30
481 489
1370 1373
827 831
207 210
145 150
697 720
1182 1185
249 253
679 687
1079 1083
902 905
108 110
766 775
778 792
279 288
863 870
1373 1381
1215 1237
98 106
1336 1338
461 466
354 369
493 502
1116 1118
321 327
690 695
559 570
1142 1146
674 679
1293 1298
775 778
695 697
1310 1316
454 461
489 492
59 73
631 632
288 292
8 19
1352 1358
1122 1123
795 798
299 312
971 974
1426 1429
978 993
170 195
818 825
577 578
438 450
962 971
1262 1264
1147 1161
1340 1345
346 353
397 407
100 100
38 39
102 103
196 197
146 147
94 95
24 25
12 13
190 191
32 33
54 55
118 119
114 115
144 145
164 165
86 87
136 137
44 45
104 105
186 187
168 169
62 63
52 53
148 149
88 89
20 21
140 141
80 81
10 11
158 159
2 3
34 35
72 73
122 123
48 49
162 163
150 151
106 107
46 47
18 19
8 9
0 1
134 135
174 175
194 195
132 133
50 51
126 127
30 31
84 85
92 93
128 129
100 101
66 67
82 83
56 57
6 7
198 199
152 153
188 189
154 155
142 143
178 179
112 113
14 15
68 69
96 97
192 193
182 183
180 181
22 23
156 157
26 27
138 139
120 121
90 91
64 65
58 59
166 167
76 77
172 173
110 111
130 131
124 125
184 185
98 99
176 177
70 71
42 43
170 171
78 79
4 5
108 109
28 29
74 75
60 61
116 117
40 41
16 17
160 161
36 37
320 321
392 393
274 275
286 287
224 225
284 285
316 317
204 205
208 209
276 277
310 311
290 291
372 373
340 341
378 379
300 301
338 339
262 263
386 387
252 253
228 229
384 385
230 231
254 255
370 371
324 325
244 245
388 389
200 201
318 319
396 397
306 307
336 337
226 227
232 233
268 269
380 381
260 261
362 363
344 345
240 241
360 361
242 243
342 343
304 305
364 365
390 391
210 211
202 203
292 293
352 353
376 377
238 239
248 249
214 215
270 271
308 309
282 283
206 207
218 219
330 331
250 251
278 279
346 347
258 259
212 213
332 333
246 247
234 235
220 221
280 281
356 357
394 395
348 349
296 297
326 327
288 289
382 383
298 299
312 313
350 351
354 355
222 223
368 369
358 359
366 367
374 375
294 295
314 315
266 267
398 399
236 237
302 303
216 217
322 323
272 273
264 265
328 329
334 335
256 257
17 57
1033 1075
1216 1234
68 101
547 558
324 332
170 187
784 786
423 431
363 368
1339 1382
483 486
1017 1033
101 122
1089 1107
1132 1152
1000 1011
198 205
613 620
187 194
412 423
46 47
1234 1245
686 703
1201 1216
445 459
332 348
145 153
957 965
538 547
168 170
1075 1089
195 198
489 494
938 952
47 60
648 661
1412 1426
142 143
670 671
153 168
952 957
772 784
1153 1165
1382 1395
21 35
205 214
887 893
722 724
703 722
369 374
573 577
1178 1183
724 762
855 887
644 645
507 530
387 392
441 445
832 837
671 681
681 686
1323 1339
462 476
786 810
605 613
592 605
431 434
664 670
645 648
978 992
531 538
306 312
1395 1399
661 664
97 84
1293 1294
97 98
393 398
1122 1124
53 57
233 252
1155 1158
704 707
457 462
383 392
1024 1025
424 431
506 513
693 700
1167 1176
885 886
557 570
406 424
398 403
963 965
472 473
796 804
620 636
27 32
258 263
1150 1155
115 121
670 674
215 223
646 656
1426 1427
95 97
985 986
143 167
808 809
873 878
1176 1178
817 827
913 922
1356 1359
774 782
517 524
936 942
1088 1089
1257 1258
901 902
327 332
448 449
1294 1307
1178 1187
1428 1432
77 88
685 691
232 233
46 50
1196 1201
403 406
550 553
184 200
1434 1440
381 383
1025 1033
986 990
1051 1057
223 226
886 901
1307 1310
484 494
676 679
1201 1203
878 880
1268 1271
707 716
1258 1268
827 847
114 115
213 215
276 277
294 295
1229 1240
865 867
442 446
447 448
1317 1327
1002 1007
1378 1380
809 813
12 27
464 472
368 381
619 620
1059 1064
880 885
295 312
933 935
992 1002
950 962
990 991
867 868
277 294
1347 1351
1432 1434
977 979
813 817
728 730
315 318
92 95
656 659
355 364
446 447
1038 1051
636 644
691 693
981 985
1208 1213
1336 1347
60 64
942 950
1271 1275
675 676
725 728
263 276
868 873
1007 1024
730 734
700 704
1146 1148
1333 1336
32 46
756 763
931 933
1065 1066
1362 1364
902 913
252 258
167 181
1057 1059
679 685
431 434
1240 1243
659 670
1245 1248
98 113
1310 1317
528 542
332 333
513 517
804 808
1243 1245
320 321
962 963
1396 1399
183 184
88 92
434 442
1399 1423
965 975
121 143
321 322
716 725
1124 1134
734 749
603 619
1066 1076
59 60
935 936
1352 1356
847 860
1076 1088
462 464
319 320
1144 1146
1427 1428
456 457
57 59
1327 1333
113 114
1364 1367
50 53
1134 1144
181 183
59 64
676 677
283 289
1380 1385
190 193
295 296
988 1028
713 716
1409 1411
708 713
622 623
721 757
521 527
1254 1257
189 190
955 965
1179 1180
119 133
1072 1086
183 189
652 672
1230 1235
583 589
1150 1156
533 534
25 27
643 652
434 439
1405 1409
1060 1065
1411 1440
430 434
677 691
1183 1196
1257 1274
1174 1175
149 154
760 768
465 476
240 245
1168 1174
700 706
845 846
589 596
154 183
1379 1380
76 81
72 76
1239 1250
332 335
1376 1378
786 789
1378 1379
245 257
1111 1113
940 942
844 845
217 223
1235 1239
450 458
598 607
942 952
395 402
1145 1150
314 315
463 465
92 108
307 314
257 259
506 507
375 382
299 307
816 826
507 514
296 298
1253 1254
530 533
114 119
1200 1204
577 583
495 496
330 332
496 506
1113 1119
289 295
402 411
140 147
884 898
562 577
147 149
672 676
41 42
55 72
534 535
491 495
557 560
27 41
1182 1183
298 299
1347 1352
1030 1060
411 430
133 140
1065 1072
1086 1091
706 708
898 919
1280 1304
716 721
1404 1405
1196 1198
44 50
1274 1280
212 217
624 630
335 336
802 814
537 538
382 395
596 598
639 643
108 114
336 354
535 537
37 2
114 124
922 923
1038 1040
463 474
657 664
1190 1194
370 381
63 76
1181 1190
711 714
213 220
91 92
846 852
1172 1181
1073 1106
923 936
588 602
278 280
843 846
300 301
1041 1048
112 114
608 640
1390 1407
1115 1122
676 681
1216 1221
1024 1038
1431 1432
332 346
655 657
528 534
485 499
949 957
499 502
1018 1024
1350 1351
224 234
346 355
42 50
1013 1017
1247 1261
221 245
48 58
660 669
605 607
327 340
1012 1013
1439 1440
1026 1030
1402 1410
1215 1219
346 354
320 327
1009 1012
1317 1318
1124 1129
1130 1133
289 296
905 912
1032 1039
89 90
83 89
363 371
733 741
850 860
245 247
35 44
100 119
648 660
1219 1227
608 609
810 838
19 35
357 361
1318 1324
340 346
860 863
693 728
895 896
1062 1124
215 217
638 648
1386 1399
883 895
975 1002
1424 1425
141 149
354 355
247 287
458 466
287 289
1242 1247
778 810
602 605
1410 1424
58 63
1432 1439
728 733
90 100
609 613
507 514
538 540
514 522
121 141
613 625
1206 1215
1020 1026
375 387
1150 1151
217 221
934 947
1002 1008
1227 1242
555 580
919 922
1143 1146
296 320
1339 1379
175 181
190 215
1039 1062
1008 1009
586 589
1399 1402
870 871
534 538
1146 1150
1312 1317
66 83
416 417
955 965
26 20
1422 1440
1070 1091
1263 1269
1329 1344
907 916
152 176
1062 1070
1091 1199
433 447
38 39
240 258
320 335
591 618
394 397
1239 1247
397 412
269 279
887 907
947 962
1026 1029
515 516
1040 1043
1017 1026
546 590
731 737
143 152
717 723
311 320
1029 1040
1049 1062
50 53
526 535
801 805
229 240
1358 1416
942 943
1278 1296
499 515
820 834
516 517
496 499
1015 1017
103 109
590 591
1043 1048
353 354
4 7
741 750
235 242
118 163
613 621
1414 1440
1257 1262
1336 1341
621 631
1262 1264
750 807
234 235
69 81
620 622
142 147
567 571
130 133
366 368
771 774
982 984
1100 1111
451 457
1428 1432
352 355
191 192
1265 1281
498 505
306 309
1043 1058
1064 1065
220 233
1216 1232
415 417
411 415
658 664
927 943
1311 1332
718 726
952 958
445 451
95 96
1131 1133
788 804
518 522
1039 1043
893 902
571 581
1003 1007
1015 1034
859 862
250 254
332 345
988 995
664 671
1437 1440
78 95
734 736
1007 1010
1371 1380
948 952
189 190
1151 1161
103 104
429 445
1232 1245
701 716
749 771
780 788
1115 1131
1411 1415
833 837
537 549
943 948
1408 1411
104 127
309 313
1133 1151
886 888
128 130
738 741
400 402
862 865
1034 1035
741 749
888 893
505 518
1203 1216
1308 1311
622 634
192 210
1415 1416
357 366
247 250
1255 1263
233 244
958 962
166 167
33 38
1432 1437
1099 1100
1245 1251
395 400
804 806
1281 1303
1382 1401
127 128
1098 1099
1111 1115
716 718
606 609
1251 1255
1401 1408
258 297
355 357
820 828
651 655
1263 1265
15 18
424 429
828 833
190 191
1077 1094
645 651
1181 1197
962 982
1303 1308
611 619
1343 1361
549 567
531 537
1199 1201
1035 1039
472 493
728 734
244 247
1380 1382
806 812
417 424
134 142
774 780
101 103
368 395
852 859
671 695
995 1003
96 101
345 352
52 63
313 332
609 611
1201 1203
1161 1163
297 306
210 220
1361 1371
1426 1428
812 820
167 169
902 927
169 170
695 701
581 606
865 886
63 50
1424 1426
546 551
989 990
784 788
138 157
948 950
428 429
402 408
59 66
1237 1243
109 116
285 295
851 858
278 280
100 108
1082 1083
664 671
1138 1140
400 402
108 109
1438 1440
671 672
1182 1184
814 835
184 185
1065 1072
582 585
365 366
806 814
434 438
1233 1237
9 27
215 216
301 308
623 627
721 731
516 521
169 175
27 30
1243 1260
1304 1310
533 534
1124 1134
1140 1141
190 199
338 362
596 607
699 710
1118 1119
484 486
748 755
991 993
1224 1233
1039 1054
1072 1080
755 760
999 1001
886 887
371 379
366 368
1401 1402
629 636
1106 1108
221 225
1426 1429
760 764
731 732
368 370
521 525
984 987
271 276
1317 1325
835 838
418 428
116 128
993 999
710 721
917 926
258 271
202 205
987 989
791 795
1080 1082
1402 1409
1260 1263
764 771
249 253
672 678
552 559
1155 1169
932 937
1008 1035
1267 1285
333 336
464 473
788 791
892 896
1119 1124
795 803
1111 1115
322 328
1285 1304
30 47
199 202
1001 1005
900 914
429 434
627 629
276 278
678 679
47 54
328 333
695 699
30 4
229 239
735 736
705 718
85 102
160 164
1206 1223
1223 1233
53 60
288 307
563 594
884 885
693 705
197 214
736 743
660 661
942 953
72 76
1314 1349
871 876
1118 1121
1240 1265
136 160
594 596
467 474
1014 1035
743 762
52 53
307 343
850 869
343 358
250 273
1035 1042
1192 1199
661 693
13 14
1368 1369
738 748
672 680
1057 1062
187 195
522 525
876 888
446 460
827 830
460 461
607 614
818 823
545 561
1138 1141
585 592
1388 1392
1356 1363
865 870
922 927
595 596
484 500
95 98
720 738
78 79
929 957
671 672
861 865
59 49
209 210
1428 1436
794 809
1024 1032
1285 1294
928 931
460 465
820 827
634 651
453 460
665 684
436 443
732 733
818 820
195 201
431 436
1135 1137
733 738
157 162
1326 1357
1378 1381
598 626
3 23
1381 1384
116 134
856 873
191 195
134 151
201 202
230 234
684 688
248 283
1196 1230
1260 1271
465 472
1436 1440
1177 1182
475 506
202 209
1015 1024
427 428
355 377
1032 1040
758 760
315 318
234 248
397 409
1162 1174
1040 1043
1324 1326
1306 1324
1044 1057
163 165
809 817
105 116
626 634
931 953
1174 1177
506 537
409 413
1193 1196
1082 1093
1011 1015
1294 1303
925 928
1100 1135
472 475
902 903
348 349
156 157
95 98
378 389
721 732
914 921
903 912
1183 1184
880 881
720 721
428 430
738 746
760 765
389 397
318 341
688 701
1184 1193
746 758
847 856
1303 1306
912 914
921 925
1064 1082
23 45
1137 1147
706 720
953 958
897 901
1234 1260
151 156
817 818
1230 1232
651 665
563 565
774 794
551 563
1095 1100
1271 1277
417 427
1404 1428
91 45
317 318
1404 1416
851 852
870 877
765 767
731 736
1373 1389
276 281
293 299
1212 1219
795 805
1061 1080
497 516
454 455
1170 1176
683 687
424 433
356 376
172 175
232 234
306 314
181 183
888 890
718 720
1141 1143
455 460
528 530
761 765
793 795
615 618
286 293
977 979
603 606
33 37
805 811
231 232
1389 1404
516 520
137 140
886 888
1321 1339
469 475
101 108
22 26
602 603
1219 1234
1040 1043
1052 1054
115 128
845 847
994 1009
971 973
935 964
586 587
1301 1320
1421 1422
824 825
727 731
1038 1040
606 610
437 445
520 528
1348 1349
825 832
975 977
151 163
397 405
1088 1104
675 683
726 727
1152 1160
201 223
460 465
223 226
381 397
299 306
843 845
1425 1428
966 971
1438 1440
990 994
590 602
475 497
1134 1141
892 913
1196 1198
964 966
812 822
226 229
852 853
1104 1118
630 637
1271 1275
1043 1049
913 925
651 652
328 331
1423 1425
419 423
282 283
234 237
822 824
1034 1038
132 135
637 651
314 315
1428 1438
318 328
1029 1034
571 577
1127 1128
781 787
345 356
1234 1260
715 718
183 189
736 744
149 151
1160 1170
380 381
618 630
175 181
315 317
979 981
1182 1188
1118 1122
229 231
333 345
530 540
1263 1269
26 28
1122 1126
237 243
148 149
194 201
140 142
0 97
1227 1235
477 488
90 93
1181 1186
379 382
369 378
1152 1157
565 578
13 14
65 69
470 471
1391 1393
378 379
458 470
1081 1082
210 211
98 111
781 793
142 161
564 565
865 869
244 246
6 8
1121 1124
1238 1240
793 806
698 725
163 167
649 652
642 649
1209 1212
497 525
8 13
1093 1103
1240 1243
845 847
632 641
629 631
236 237
857 863
1061 1072
126 129
725 735
959 966
1187 1188
847 849
605 606
1079 1081
224 229
209 210
1000 1015
23 24
335 338
821 834
346 353
1306 1310
1223 1227
139 142
758 765
904 906
403 406
307 322
686 690
1303 1306
533 536
856 857
304 307
1023 1033
641 642
1428 1429
328 329
747 756
562 564
161 163
1040 1043
652 661
1410 1428
355 359
229 236
601 605
1108 1111
931 932
93 98
14 23
1113 1121
1197 1198
353 355
979 985
430 434
525 527
1051 1058
926 931
40 50
258 260
991 993
382 385
1043 1044
