100
4 4
1.4000
0.5000 0.7000 0.8000 0.6000
2 2
1.0000
0.0000 0.0000
2 2
0.0000
0.9000 0.8000
2 2
0.1000
0.4000 0.5000
48 48
18.2678
0.6323 0.3409 0.1953 0.5552 0.0342 0.5170 0.1142 0.2516 0.6540 0.4532 0.3315 0.7652 0.3502 0.0169 0.9824 0.1117 0.7198 0.9102 0.1590 0.2958 0.7102 0.0402 0.5929 0.6451 0.3499 0.6327 0.6360 0.3008 0.6367 0.7289 0.4012 0.4046 0.6462 0.2050 0.2470 0.0585 0.9073 0.6295 0.1285 0.3736 0.2067 0.0366 0.6214 0.1035 0.6148 0.8409 0.4811 0.7710
1 1
1.0000
0.0000
49 49
16.1500
0.1631 0.8606 0.7357 0.0048 0.7072 0.5076 0.9583 0.3521 0.9208 0.5693 0.3005 0.9609 0.9535 0.4538 0.1507 0.9716 0.4849 0.6558 0.1666 0.6328 0.3105 0.1047 0.6658 0.2094 0.5865 0.8112 0.7171 0.7282 0.7455 0.9679 0.7493 0.6512 0.2932 0.0822 0.4440 0.7626 0.0993 0.5725 0.1957 0.4796 0.3841 0.8521 0.0509 0.2570 0.7987 0.6015 0.7910 0.5195 0.5651
48 48
17.8265
0.8610 0.7268 0.5100 0.2390 0.2690 0.4687 0.5515 0.2749 0.5732 0.9514 0.4127 0.1030 0.2991 0.5872 0.5854 0.9983 0.6776 0.2200 0.7266 0.0342 0.1727 0.4149 0.1508 0.6918 0.8502 0.2150 0.1904 0.7882 0.8117 0.8140 0.4742 0.5241 0.4257 0.1127 0.7100 0.5874 0.4885 0.6512 0.8814 0.8110 0.3726 0.3454 0.4875 0.0422 0.6430 0.3749 0.9223 0.1437
50 50
24.6258
0.6662 0.7892 0.3375 0.0918 0.9790 0.5380 0.4559 0.0370 0.2099 0.2284 0.1235 0.8316 0.0895 0.6593 0.8462 0.0782 0.3253 0.7455 0.1255 0.0149 0.5274 0.1226 0.7296 0.1633 0.3072 0.0932 0.0792 0.1036 0.1415 0.8743 0.2457 0.6364 0.2938 0.1070 0.8109 0.8479 0.1007 0.3900 0.0747 0.1911 0.4240 0.2074 0.5370 0.5087 0.5166 0.9604 0.2642 0.3807 0.0987 0.6745
50 50
0.0000
0.8700 0.8700 0.8700 0.8700 0.8700 0.8700 0.8700 0.8700 0.8700 0.8700 0.8700 0.8700 0.8700 0.8700 0.8700 0.8700 0.8700 0.8700 0.8700 0.8700 0.8700 0.8700 0.8700 0.8700 0.8700 0.8700 0.8700 0.8700 0.8700 0.8700 0.8700 0.8700 0.8700 0.8700 0.8700 0.8700 0.8700 0.8700 0.8700 0.8700 0.8700 0.8700 0.8700 0.8700 0.8700 0.8700 0.8700 0.8700 0.8700 0.8700
48 48
19.8967
0.2466 0.9133 0.2915 0.1252 0.8241 0.8809 0.0183 0.1930 0.2478 0.0312 0.3372 0.9412 0.7314 0.6059 0.0657 0.3606 0.5130 0.9854 0.2219 0.7207 0.5504 0.7710 0.3679 0.6229 0.1988 0.3539 0.8668 0.8156 0.9704 0.0763 0.7117 0.2606 0.9266 0.6595 0.6349 0.8815 0.2063 0.6014 0.8990 0.7145 0.7319 0.4859 0.6818 0.1063 0.2214 0.2407 0.2535 0.9954
1 1
0.3333
0.0000
50 50
21.2970
0.6801 0.4978 0.6016 0.7514 0.1678 0.4644 0.8831 0.9012 0.0965 0.1051 0.4156 0.1553 0.4737 0.3457 0.2031 0.4947 0.6730 0.2518 0.2007 0.2941 0.1350 0.9099 0.3633 0.0066 0.1605 0.6638 0.1177 0.2270 0.5764 0.3373 0.7401 0.4675 0.0722 0.6244 0.4798 0.5751 0.1940 0.3887 0.0013 0.2407 0.5460 0.0198 0.8148 0.2873 0.3456 0.4140 0.5211 0.5952 0.7884 0.7915
50 50
0.0050
0.9999 0.9999 0.9999 0.9999 0.9999 0.9999 0.9999 0.9999 0.9999 0.9999 0.9999 0.9999 0.9999 0.9999 0.9999 0.9999 0.9999 0.9999 0.9999 0.9999 0.9999 0.9999 0.9999 0.9999 0.9999 0.9999 0.9999 0.9999 0.9999 0.9999 0.9999 0.9999 0.9999 0.9999 0.9999 0.9999 0.9999 0.9999 0.9999 0.9999 0.9999 0.9999 0.9999 0.9999 0.9999 0.9999 0.9999 0.9999 0.9999 0.9999
2 2
0.0000
1.0000 1.0000
50 50
0.0000
1.0000 1.0000 1.0000 1.0000 1.0000 1.0000 1.0000 1.0000 1.0000 1.0000 1.0000 1.0000 1.0000 1.0000 1.0000 1.0000 1.0000 1.0000 1.0000 1.0000 1.0000 1.0000 1.0000 1.0000 1.0000 1.0000 1.0000 1.0000 1.0000 1.0000 1.0000 1.0000 1.0000 1.0000 1.0000 1.0000 1.0000 1.0000 1.0000 1.0000 1.0000 1.0000 1.0000 1.0000 1.0000 1.0000 1.0000 1.0000 1.0000 1.0000
48 48
17.9682
0.4843 0.3487 0.2798 0.6181 0.6414 0.3311 0.6927 0.0533 0.2958 0.6394 0.5039 0.1931 0.3267 0.3912 0.4153 0.7852 0.6449 0.9733 0.9687 0.2320 0.5243 0.0241 0.5226 0.3704 0.5120 0.1415 0.2624 0.7478 0.8806 0.6657 0.8421 0.8240 0.8433 0.1432 0.5227 0.6803 0.5344 0.7206 0.9814 0.2413 0.4173 0.3360 0.4420 0.4658 0.6359 0.3980 0.7379 0.4152
48 48
20.7946
0.0956 0.8637 0.4787 0.0713 0.3185 0.5571 0.8408 0.9674 0.8838 0.5424 0.3232 0.0820 0.3879 0.3966 0.6786 0.5461 0.0390 0.6015 0.2928 0.4631 0.3349 0.2356 0.7080 0.0460 0.4935 0.2830 0.4373 0.3963 0.3437 0.8944 0.5134 0.8232 0.2018 0.3753 0.8540 0.8949 0.4868 0.6877 0.1080 0.6732 0.0646 0.3872 0.7754 0.4890 0.9039 0.1305 0.2538 0.9825
48 48
19.7290
0.5944 0.2743 0.7940 0.9563 0.0357 0.3694 0.8285 0.8921 0.6428 0.9679 0.0731 0.7297 0.3961 0.1306 0.1628 0.3792 0.4082 0.2304 0.5188 0.9620 0.6708 0.2307 0.3512 0.8740 0.1763 0.6038 0.2066 0.2031 0.2593 0.8628 0.7344 0.2032 0.5447 0.6683 0.3478 0.8009 0.9378 0.2114 0.5098 0.7837 0.0350 0.4151 0.2661 0.3425 0.4732 0.0665 0.9818 0.8660
48 48
18.7078
0.4208 0.7199 0.7535 0.2335 0.8553 0.7579 0.8631 0.2443 0.6076 0.7071 0.4915 0.4058 0.5024 0.4221 0.6755 0.5719 0.7811 0.0393 0.0360 0.6346 0.3857 0.1999 0.0334 0.2380 0.2978 0.5716 0.4481 0.7092 0.1425 0.7288 0.7677 0.4261 0.8858 0.9294 0.6370 0.0365 0.2285 0.4889 0.8948 0.7067 0.4138 0.3142 0.7692 0.6945 0.7191 0.2922 0.9495 0.2740
1 1
0.5000
0.5000
47 47
22.6452
0.7982 0.9106 0.8067 0.8739 0.0686 0.3299 0.6061 0.3414 0.3320 0.8786 0.4067 0.1369 0.0635 0.4457 0.4718 0.9020 0.2184 0.2394 0.4985 0.6224 0.8600 0.2848 0.6601 0.1172 0.7048 0.1988 0.1743 0.7002 0.3406 0.5330 0.1940 0.1054 0.8011 0.9747 0.3378 0.1671 0.9653 0.8284 0.0566 0.1853 0.8988 0.6035 0.6708 0.8852 0.3830 0.1043 0.7308
45 45
15.4974
0.0128 0.3911 0.5589 0.0584 0.2886 0.4680 0.2404 0.0370 0.3966 0.8495 0.2468 0.3458 0.6084 0.0678 0.4896 0.4529 0.5767 0.9455 0.5245 0.3685 0.3771 0.5494 0.5647 0.4791 0.8418 0.0027 0.8835 0.9481 0.8564 0.9319 0.1533 0.5017 0.9104 0.3391 0.8697 0.1971 0.7226 0.1637 0.1624 0.9080 0.1843 0.9812 0.3924 0.4603 0.4929
50 50
0.0000
0.9999 0.9999 0.9999 0.9999 0.9999 0.9999 0.9999 0.9999 0.9999 0.9999 0.9999 0.9999 0.9999 0.9999 0.9999 0.9999 0.9999 0.9999 0.9999 0.9999 0.9999 0.9999 0.9999 0.9999 0.9999 0.9999 0.9999 0.9999 0.9999 0.9999 0.9999 0.9999 0.9999 0.9999 0.9999 0.9999 0.9999 0.9999 0.9999 0.9999 0.9999 0.9999 0.9999 0.9999 0.9999 0.9999 0.9999 0.9999 0.9999 0.9999
50 50
19.2410
0.7003 0.8156 0.4012 0.6926 0.2391 0.3134 0.4591 0.8181 0.5698 0.9025 0.5440 0.8911 0.0998 0.1036 0.2996 0.5274 0.5594 0.2543 0.8529 0.9439 0.1661 0.9217 0.2209 0.4707 0.7979 0.9410 0.9161 0.3069 0.2626 0.0881 0.9102 0.6954 0.2384 0.2672 0.5683 0.0976 0.0905 0.3398 0.7607 0.9656 0.1226 0.4758 0.5111 0.1842 0.3102 0.0028 0.3983 0.4233 0.9942 0.4404
48 48
16.3244
0.0300 0.1857 0.7603 0.1162 0.2112 0.0647 0.8536 0.2498 0.4146 0.4660 0.3180 0.6539 0.0464 0.3833 0.6001 0.9924 0.9930 0.4137 0.7859 0.3923 0.4470 0.8221 0.5721 0.6346 0.1726 0.9730 0.0261 0.8019 0.8544 0.4092 0.2747 0.6541 0.2147 0.4658 0.1276 0.8325 0.9386 0.5536 0.7874 0.1261 0.2438 0.8351 0.5312 0.5938 0.5028 0.0333 0.5838 0.6948
48 48
17.2821
0.1070 0.9014 0.3801 0.2156 0.5935 0.8677 0.0205 0.0999 0.3756 0.6814 0.2039 0.2943 0.0360 0.4195 0.2249 0.2723 0.3043 0.9146 0.8385 0.8428 0.0229 0.5488 0.4327 0.8951 0.7911 0.8346 0.4588 0.4314 0.9188 0.1463 0.4027 0.9184 0.7104 0.5829 0.3216 0.2487 0.0447 0.4382 0.6737 0.2953 0.8284 0.4266 0.1855 0.0840 0.0034 0.9195 0.7529 0.3993
49 49
21.1768
0.6875 0.3145 0.7485 0.6975 0.2096 0.5951 0.3476 0.2122 0.4030 0.4933 0.3954 0.4958 0.2248 0.4471 0.2668 0.9303 0.4274 0.9208 0.1545 0.3994 0.4378 0.8912 0.7905 0.9598 0.5854 0.6030 0.9554 0.7817 0.1810 0.0198 0.6181 0.3647 0.2090 0.6968 0.3879 0.2918 0.9502 0.0026 0.9181 0.9798 0.6228 0.9121 0.8565 0.6675 0.0617 0.9009 0.1033 0.3365 0.8501
48 48
19.2946
0.4668 0.7733 0.2786 0.2398 0.0862 0.2296 0.5491 0.1750 0.1751 0.6206 0.6599 0.0001 0.1076 0.8975 0.8152 0.2947 0.5672 0.6511 0.5593 0.6625 0.8251 0.8232 0.9197 0.3584 0.3136 0.2690 0.9613 0.8726 0.3388 0.2200 0.2497 0.3273 0.8121 0.3943 0.7261 0.3274 0.1786 0.5402 0.8909 0.7373 0.4435 0.2890 0.5565 0.0595 0.1191 0.4844 0.8997 0.8244
49 49
17.0340
0.4115 0.2035 0.2757 0.1759 0.4226 0.0271 0.3856 0.9279 0.3869 0.2536 0.3492 0.8023 0.3298 0.3667 0.6505 0.8288 0.3344 0.9201 0.6314 0.6890 0.1004 0.4069 0.3530 0.5764 0.4545 0.1984 0.1426 0.9656 0.8679 0.3235 0.7570 0.5315 0.4039 0.8750 0.5586 0.2662 0.2178 0.4021 0.1095 0.9312 0.2037 0.5793 0.9181 0.3896 0.9559 0.5681 0.5846 0.5044 0.0143
46 46
18.4742
0.4339 0.4125 0.2571 0.5157 0.1713 0.4944 0.9127 0.1323 0.7382 0.7790 0.7936 0.1456 0.3140 0.2072 0.8793 0.3451 0.2224 0.8552 0.2935 0.0749 0.2917 0.7568 0.4640 0.6237 0.0929 0.4846 0.6300 0.9527 0.3784 0.9575 0.1100 0.4116 0.2322 0.1462 0.4256 0.0902 0.7487 0.0559 0.2428 0.7936 0.2099 0.7984 0.9126 0.7913 0.8407 0.9891
49 49
19.1555
0.3167 0.0374 0.7667 0.1391 0.9756 0.2713 0.5275 0.8728 0.2012 0.9950 0.5877 0.9176 0.9638 0.1220 0.5526 0.1821 0.0816 0.5719 0.7662 0.7263 0.9706 0.5658 0.0226 0.3538 0.9483 0.7406 0.1548 0.0447 0.5637 0.9067 0.5302 0.9024 0.8130 0.8916 0.5232 0.2131 0.1527 0.1531 0.9949 0.7642 0.8728 0.3737 0.3176 0.0918 0.1286 0.4437 0.8182 0.0203 0.4678
50 50
16.5762
0.4778 0.6126 0.8596 0.3934 0.0622 0.5971 0.2450 0.4688 0.7189 0.3691 0.1946 0.9573 0.5351 0.6304 0.6243 0.6447 0.3416 0.1254 0.9637 0.5142 0.6274 0.1958 0.7795 0.0536 0.0022 0.2437 0.3629 0.8376 0.5937 0.2528 0.9551 0.9655 0.1953 0.8904 0.9451 0.6671 0.0454 0.0367 0.1799 0.4018 0.8400 0.9486 0.4455 0.3014 0.4378 0.8497 0.8449 0.5185 0.2782 0.8999
4 4
0.0001
0.0000 0.0000 0.0000 0.0000
47 47
21.2761
0.7703 0.1145 0.0911 0.2773 0.5306 0.6929 0.3826 0.4620 0.1571 0.2504 0.1602 0.4865 0.3739 0.5658 0.0412 0.2887 0.8318 0.0181 0.7266 0.0375 0.2663 0.2117 0.5246 0.9695 0.2422 0.9465 0.9692 0.7498 0.6394 0.8950 0.6222 0.2816 0.7884 0.5621 0.6173 0.1838 0.3891 0.0284 0.1126 0.2830 0.2019 0.0383 0.1836 0.7653 0.5357 0.2278 0.9211
50 50
17.4036
0.9746 0.5008 0.4060 0.4746 0.6485 0.6900 0.2185 0.5173 0.6513 0.2519 0.4712 0.5425 0.9037 0.9336 0.9617 0.9606 0.2336 0.2181 0.9681 0.0691 0.9870 0.9913 0.7871 0.2835 0.8770 0.3462 0.7231 0.7487 0.8745 0.0315 0.5786 0.1875 0.1773 0.0379 0.2988 0.8541 0.6148 0.3230 0.3104 0.1856 0.0361 0.3476 0.1295 0.7287 0.2239 0.4130 0.4038 0.5097 0.6718 0.2578
2 2
0.3333
0.5000 0.5000
50 50
0.0000
0.3333 0.3333 0.3333 0.3333 0.3333 0.3333 0.3333 0.3333 0.3333 0.3333 0.3333 0.3333 0.3333 0.3333 0.3333 0.3333 0.3333 0.3333 0.3333 0.3333 0.3333 0.3333 0.3333 0.3333 0.3333 0.3333 0.3333 0.3333 0.3333 0.3333 0.3333 0.3333 0.3333 0.3333 0.3333 0.3333 0.3333 0.3333 0.3333 0.3333 0.3333 0.3333 0.3333 0.3333 0.3333 0.3333 0.3333 0.3333 0.3333 0.3333
50 50
18.8904
0.7941 0.3359 0.4204 0.1818 0.5950 0.5017 0.1907 0.3705 0.3225 0.2626 0.1262 0.0370 0.4151 0.2920 0.9725 0.8851 0.7917 0.2871 0.4182 0.1407 0.2975 0.7703 0.6971 0.0344 0.4129 0.5233 0.7344 0.4630 0.7815 0.4081 0.9809 0.5632 0.7012 0.7264 0.0753 0.3634 0.1478 0.2526 0.4966 0.8952 0.5178 0.5643 0.4611 0.8650 0.8549 0.0925 0.3394 0.2322 0.5727 0.4940
49 49
20.2723
0.7471 0.7467 0.7377 0.2101 0.8478 0.9516 0.1024 0.4782 0.3461 0.7050 0.7952 0.9504 0.3893 0.8347 0.8708 0.2625 0.2681 0.8718 0.6985 0.8977 0.3903 0.9430 0.4508 0.7072 0.3648 0.3201 0.9063 0.0417 0.1024 0.6112 0.4734 0.5274 0.7514 0.9298 0.7669 0.0513 0.8268 0.9355 0.4485 0.3878 0.1328 0.7358 0.3000 0.0820 0.2973 0.1902 0.5722 0.9454 0.4226
46 46
15.1677
0.5898 0.9998 0.2208 0.3160 0.2865 0.4260 0.8643 0.6069 0.7830 0.3195 0.0652 0.4773 0.7265 0.2881 0.3170 0.1966 0.3142 0.0929 0.5544 0.4963 0.8739 0.2078 0.3312 0.1199 0.4667 0.2993 0.6574 0.3711 0.9012 0.6936 0.9816 0.4228 0.1826 0.6084 0.8152 0.6488 0.6194 0.8912 0.3419 0.9326 0.5441 0.8759 0.6846 0.1636 0.3466 0.5253
47 47
23.0657
0.4839 0.0144 0.1261 0.3498 0.0306 0.2141 0.6338 0.8334 0.4927 0.0091 0.0139 0.1397 0.0937 0.0900 0.1468 0.2431 0.6953 0.1650 0.7578 0.7493 0.5275 0.7311 0.3089 0.4898 0.8025 0.9012 0.0539 0.3897 0.3931 0.6789 0.5874 0.4868 0.4836 0.5245 0.9636 0.8561 0.5551 0.8064 0.7037 0.7974 0.2687 0.3976 0.0705 0.2846 0.4146 0.5451 0.4043
50 50
19.8636
0.2828 0.0923 0.0845 0.3114 0.9147 0.0001 0.0544 0.1859 0.3993 0.2568 0.9764 0.4586 0.0243 0.4074 0.0303 0.6716 0.4463 0.0408 0.6935 0.1515 0.0069 0.1693 0.8578 0.6310 0.3690 0.3727 0.3071 0.0499 0.3207 0.8991 0.9130 0.9538 0.9768 0.0789 0.5336 0.4578 0.6093 0.7715 0.9764 0.1936 0.6576 0.0540 0.4250 0.3944 0.7794 0.0118 0.3383 0.6274 0.6919 0.0970
49 49
16.9377
0.3085 0.5968 0.9853 0.2216 0.9352 0.4022 0.4023 0.3010 0.4955 0.8639 0.4411 0.0355 0.9947 0.9243 0.0493 0.4883 0.4511 0.5945 0.2305 0.9068 0.1166 0.1157 0.0770 0.6883 0.2152 0.5682 0.9509 0.1134 0.7116 0.9264 0.0278 0.6489 0.4861 0.3715 0.6527 0.2367 0.9853 0.2932 0.7529 0.6406 0.9220 0.1588 0.3377 0.3567 0.4713 0.1614 0.2089 0.7676 0.2644
48 48
17.1644
0.8366 0.5417 0.8253 0.2914 0.2076 0.5046 0.3584 0.1441 0.4664 0.1662 0.2261 0.7014 0.2283 0.3782 0.7388 0.0631 0.5983 0.1489 0.2100 0.0259 0.0080 0.9622 0.6293 0.8201 0.4508 0.5168 0.8627 0.9156 0.6065 0.3948 0.4619 0.4418 0.6293 0.4648 0.8228 0.2702 0.8832 0.7041 0.5250 0.4403 0.3847 0.5830 0.2961 0.6409 0.2967 0.7735 0.1983 0.2408
2 2
0.5000
0.5000 0.5000
48 48
17.6195
0.3667 0.5319 0.6830 0.7402 0.9455 0.4926 0.9348 0.1531 0.5607 0.0994 0.0803 0.9352 0.3674 0.6069 0.9428 0.0138 0.0861 0.9216 0.1770 0.2638 0.0796 0.6146 0.8187 0.0392 0.6719 0.8697 0.6789 0.9746 0.4187 0.2019 0.2041 0.9463 0.2269 0.8066 0.0679 0.3854 0.3030 0.0064 0.0043 0.3984 0.9937 0.9513 0.9260 0.1307 0.7450 0.1340 0.9033 0.4397
50 50
24.4195
0.0210 0.4338 0.5383 0.5296 0.9089 0.5178 0.9317 0.1512 0.0733 0.2051 0.4049 0.3976 0.2902 0.9325 0.5317 0.5404 0.5884 0.5879 0.7745 0.3892 0.4908 0.2859 0.4551 0.8440 0.0846 0.5151 0.9805 0.9644 0.1119 0.5256 0.8309 0.6609 0.3404 0.8158 0.5975 0.4472 0.7496 0.5235 0.5791 0.7056 0.5875 0.0290 0.7569 0.5045 0.5241 0.0362 0.0923 0.2106 0.0327 0.8589
2 2
0.3333
0.0000 0.0000
50 50
20.7288
0.5417 0.1082 0.9263 0.9041 0.2431 0.0371 0.9268 0.1352 0.6214 0.7152 0.8717 0.5549 0.1756 0.9830 0.5751 0.6062 0.2084 0.3058 0.6684 0.0468 0.8820 0.8135 0.0384 0.9238 0.3631 0.3920 0.4822 0.7980 0.0510 0.8930 0.1970 0.2130 0.9063 0.3538 0.1393 0.4707 0.0207 0.8951 0.0681 0.3826 0.1086 0.3146 0.2711 0.0685 0.9802 0.5588 0.4500 0.7845 0.0390 0.5102
48 48
21.2118
0.1673 0.3921 0.0156 0.6290 0.0829 0.5267 0.5599 0.8776 0.3770 0.6238 0.9654 0.2986 0.9913 0.4124 0.3309 0.7541 0.9090 0.1177 0.5203 0.8688 0.2248 0.6559 0.6289 0.1230 0.2088 0.4445 0.1035 0.5349 0.7474 0.8058 0.4500 0.3215 0.8676 0.0007 0.5762 0.1799 0.1565 0.4853 0.7642 0.8334 0.5098 0.5696 0.1868 0.1374 0.9901 0.5633 0.5977 0.0171
46 46
18.9335
0.4928 0.5615 0.8252 0.2699 0.5794 0.9322 0.7931 0.8046 0.3291 0.8438 0.7022 0.3972 0.4067 0.3362 0.4299 0.1643 0.9764 0.7468 0.6029 0.0092 0.4854 0.0444 0.6140 0.0774 0.4229 0.2039 0.2277 0.3198 0.1136 0.8526 0.9547 0.2656 0.8438 0.0416 0.8500 0.4841 0.6444 0.6298 0.7419 0.6669 0.6224 0.7046 0.6708 0.1535 0.1946 0.1107
50 50
0.0000
0.0000 0.0000 0.0000 0.0000 0.0000 0.0000 0.0000 0.0000 0.0000 0.0000 0.0000 0.0000 0.0000 0.0000 0.0000 0.0000 0.0000 0.0000 0.0000 0.0000 0.0000 0.0000 0.0000 0.0000 0.0000 0.0000 0.0000 0.0000 0.0000 0.0000 0.0000 0.0000 0.0000 0.0000 0.0000 0.0000 0.0000 0.0000 0.0000 0.0000 0.0000 0.0000 0.0000 0.0000 0.0000 0.0000 0.0000 0.0000 0.0000 0.0000
1 1
0.0000
1.0000
45 45
15.9332
0.7657 0.2804 0.9628 0.3557 0.8704 0.3680 0.7018 0.8248 0.2879 0.8378 0.5649 0.6347 0.5942 0.9020 0.2770 0.2628 0.3463 0.5189 0.4536 0.0050 0.3248 0.5291 0.5366 0.1544 0.9785 0.3986 0.0881 0.4822 0.4893 0.3935 0.8797 0.1401 0.3553 0.3891 0.0834 0.0493 0.3030 0.9910 0.9260 0.5276 0.6352 0.0452 0.0235 0.7706 0.0589
47 47
16.8281
0.4981 0.7014 0.7369 0.5645 0.2437 0.2011 0.6822 0.1988 0.8711 0.7220 0.0443 0.8112 0.6797 0.0750 0.8370 0.5293 0.8509 0.8115 0.8183 0.8088 0.8716 0.2076 0.4546 0.3941 0.4065 0.9028 0.5196 0.2408 0.0972 0.1502 0.5456 0.8033 0.9614 0.5849 0.2729 0.1965 0.2258 0.9234 0.6659 0.4132 0.3231 0.2282 0.2493 0.1749 0.7418 0.8197 0.5555
45 45
16.8426
0.6233 0.3154 0.5782 0.8317 0.3680 0.5855 0.4934 0.6581 0.0869 0.2962 0.8619 0.3664 0.4522 0.4073 0.1308 0.5587 0.0917 0.7742 0.7802 0.0131 0.3747 0.2553 0.4807 0.6561 0.0892 0.9098 0.5582 0.4676 0.6321 0.5953 0.3519 0.7668 0.9661 0.1842 0.6660 0.3975 0.1267 0.1368 0.3241 0.9450 0.3496 0.6515 0.0887 0.6146 0.8988
45 45
3.5904
0.3252 0.5776 0.6942 0.7398 0.4820 0.3892 0.2692 0.1720 0.4568 0.4465 0.3880 0.7715 0.3308 0.7248 0.3448 0.1847 0.2361 0.1824 0.2414 0.3085 0.1272 0.5221 0.8075 0.9111 0.8268 0.4031 0.1018 0.9563 0.3028 0.4654 0.3655 0.3233 0.3324 0.8945 0.7122 0.5679 0.4972 0.6697 0.5127 0.1036 0.8465 0.4244 0.4581 0.7976 0.4520
49 49
2.2603
0.4856 0.1679 0.4379 0.7961 0.8491 0.6857 0.7213 0.2062 0.7064 0.4266 0.7694 0.6125 0.3850 0.5165 0.1329 0.6873 0.1762 0.5154 0.8354 0.2869 0.9229 0.5347 0.5095 0.3106 0.3545 0.8561 0.1160 0.4795 0.7481 0.4606 0.7809 0.5337 0.5352 0.0852 0.2235 0.0706 0.2368 0.2831 0.0739 0.7444 0.7001 0.2017 0.4581 0.7932 0.8378 0.6047 0.8691 0.6942 0.5509
49 49
18.7258
0.8764 0.9217 0.3891 0.0234 0.6917 0.0413 0.5698 0.2899 0.1727 0.9881 0.5444 0.8406 0.1030 0.7050 0.4987 0.3607 0.6747 0.0200 0.2964 0.8586 0.5568 0.8876 0.9342 0.2247 0.4362 0.5489 0.7612 0.8642 0.3155 0.8789 0.5107 0.3615 0.8096 0.6446 0.6518 0.9553 0.7027 0.3982 0.7627 0.7715 0.7105 0.0748 0.8175 0.6266 0.2926 0.0798 0.6705 0.1407 0.0708
45 45
17.6037
0.0938 0.0643 0.1935 0.2061 0.4136 0.0210 0.5133 0.5718 0.4791 0.9577 0.0275 0.5993 0.8659 0.9719 0.4257 0.9249 0.3126 0.2851 0.5339 0.3068 0.4164 0.9946 0.5409 0.0416 0.4131 0.9231 0.4974 0.2075 0.0324 0.8081 0.3809 0.7903 0.9573 0.1747 0.1768 0.7805 0.0370 0.2356 0.4222 0.3342 0.9980 0.6887 0.3945 0.9951 0.0364
50 50
33.3350
0.3333 0.3333 0.3333 0.3333 0.3333 0.3333 0.3333 0.3333 0.3333 0.3333 0.3333 0.3333 0.3333 0.3333 0.3333 0.3333 0.3333 0.3333 0.3333 0.3333 0.3333 0.3333 0.3333 0.3333 0.3333 0.3333 0.3333 0.3333 0.3333 0.3333 0.3333 0.3333 0.3333 0.3333 0.3333 0.3333 0.3333 0.3333 0.3333 0.3333 0.3333 0.3333 0.3333 0.3333 0.3333 0.3333 0.3333 0.3333 0.3333 0.3333
48 48
16.1387
0.1690 0.0796 0.1997 0.5097 0.2799 0.0764 0.4846 0.5606 0.3978 0.6724 0.5320 0.4619 0.9513 0.1109 0.3881 0.4854 0.1820 0.3253 0.9158 0.0276 0.0713 0.7362 0.9356 0.9274 0.2533 0.6398 0.2963 0.4072 0.3689 0.1357 0.9614 0.2681 0.5696 0.6973 0.9539 0.5991 0.8887 0.8615 0.7381 0.8361 0.7031 0.3864 0.2959 0.6916 0.6554 0.8731 0.9574 0.3179
49 49
18.2507
0.8060 0.2504 0.3369 0.6724 0.2675 0.5653 0.1680 0.6097 0.2583 0.4928 0.3740 0.7867 0.0692 0.9852 0.3611 0.8432 0.2661 0.5036 0.0370 0.5800 0.9789 0.0221 0.7666 0.4244 0.6148 0.6394 0.2530 0.5753 0.8918 0.8676 0.5205 0.5163 0.3938 0.7808 0.1034 0.7691 0.1500 0.0934 0.7985 0.0169 0.1374 0.1582 0.2066 0.7617 0.3951 0.0307 0.2148 0.7723 0.8847
50 50
20.6348
0.9822 0.7058 0.7662 0.3491 0.1802 0.8833 0.2627 0.5510 0.0357 0.8334 0.4346 0.8584 0.0583 0.2104 0.6687 0.9258 0.5569 0.2425 0.5714 0.6437 0.1984 0.0649 0.4354 0.5606 0.5827 0.8770 0.5327 0.6974 0.9969 0.4540 0.2006 0.1188 0.7949 0.7236 0.1877 0.5943 0.4823 0.4437 0.5668 0.2043 0.5332 0.2688 0.8032 0.9242 0.6627 0.9110 0.4380 0.5181 0.3731 0.2916
49 49
21.6393
0.9921 0.2406 0.0741 0.8439 0.9101 0.4480 0.1507 0.0961 0.8622 0.1977 0.2840 0.9860 0.3327 0.7696 0.3037 0.9938 0.3023 0.6705 0.6993 0.2277 0.0785 0.5244 0.6083 0.1998 0.8254 0.3634 0.8739 0.8586 0.9973 0.4357 0.1798 0.0279 0.1479 0.1203 0.9280 0.2765 0.5772 0.2106 0.7394 0.6546 0.5994 0.3666 0.7635 0.3721 0.5921 0.9484 0.1615 0.2778 0.9371
50 50
22.7939
0.4644 0.6698 0.4130 0.0931 0.7968 0.8032 0.8878 0.8777 0.9460 0.9734 0.5296 0.3420 0.0727 0.8447 0.9661 0.1624 0.8021 0.5507 0.9428 0.5315 0.7027 0.3832 0.5046 0.1286 0.4382 0.6220 0.3568 0.9686 0.3140 0.6001 0.3450 0.2076 0.2593 0.0051 0.0634 0.1601 0.7103 0.7370 0.2750 0.6409 0.8540 0.7424 0.1909 0.8022 0.0846 0.0019 0.0338 0.1627 0.9815 0.6902
49 49
20.8650
0.2490 0.2172 0.5956 0.0501 0.4128 0.2248 0.9207 0.2410 0.1087 0.6810 0.0425 0.9488 0.8365 0.2667 0.3008 0.9186 0.8302 0.2904 0.2868 0.0040 0.1799 0.0971 0.2338 0.2537 0.6065 0.0890 0.1046 0.5995 0.4339 0.9068 0.2773 0.4656 0.6509 0.8199 0.7985 0.2499 0.4689 0.7132 0.2408 0.0081 0.2940 0.6503 0.2074 0.0404 0.1840 0.0759 0.2598 0.8305 0.8860
50 50
0.0000
0.8765 0.8765 0.8765 0.8765 0.8765 0.8765 0.8765 0.8765 0.8765 0.8765 0.8765 0.8765 0.8765 0.8765 0.8765 0.8765 0.8765 0.8765 0.8765 0.8765 0.8765 0.8765 0.8765 0.8765 0.8765 0.8765 0.8765 0.8765 0.8765 0.8765 0.8765 0.8765 0.8765 0.8765 0.8765 0.8765 0.8765 0.8765 0.8765 0.8765 0.8765 0.8765 0.8765 0.8765 0.8765 0.8765 0.8765 0.8765 0.8765 0.8765
49 49
21.3334
0.5032 0.4199 0.0333 0.8888 0.6197 0.3818 0.7995 0.3307 0.9954 0.9671 0.5701 0.9714 0.0623 0.9534 0.2246 0.1788 0.1675 0.9505 0.9330 0.5902 0.2996 0.2054 0.4764 0.3920 0.0346 0.5364 0.5155 0.2853 0.6117 0.9968 0.6524 0.5528 0.8019 0.5415 0.5373 0.9347 0.1123 0.1215 0.6430 0.4934 0.7762 0.9580 0.4246 0.3271 0.0233 0.2446 0.0086 0.8411 0.1222
48 48
17.8612
0.2886 0.0234 0.0023 0.1187 0.7418 0.4457 0.1156 0.4825 0.8021 0.5114 0.7294 0.9969 0.7183 0.2729 0.6437 0.1129 0.3189 0.5190 0.6742 0.1819 0.3526 0.9196 0.6405 0.6250 0.4272 0.7255 0.5389 0.7479 0.5579 0.6583 0.2165 0.8411 0.0069 0.0869 0.0182 0.3660 0.9325 0.0190 0.7439 0.5666 0.6270 0.2028 0.6938 0.0672 0.4861 0.9096 0.4332 0.2218
46 46
19.0556
0.6202 0.9573 0.7912 0.2216 0.1167 0.6015 0.3893 0.3146 0.9921 0.5639 0.5182 0.1288 0.7390 0.5343 0.4753 0.2405 0.6615 0.7055 0.3810 0.0017 0.2481 0.6807 0.0506 0.6222 0.5433 0.8865 0.5083 0.2585 0.5641 0.8242 0.3129 0.3093 0.3932 0.6632 0.2624 0.6259 0.2786 0.1139 0.5752 0.5846 0.6870 0.7521 0.2582 0.1493 0.3516 0.7516
47 47
2.2784
0.1539 0.9917 0.9042 0.6852 0.7586 0.2816 0.6483 0.1305 0.3204 0.5550 0.1902 0.1259 0.1664 0.3635 0.1277 0.9770 0.8278 0.1005 0.8419 0.1637 0.6562 0.3364 0.1427 0.4354 0.8193 0.4495 0.5519 0.2346 0.9963 0.6641 0.8840 0.9056 0.7958 0.9460 0.6506 0.3084 0.0708 0.6587 0.3553 0.7511 0.7939 0.1370 0.8489 0.8156 0.0239 0.1028 0.4923
4 4
1.3999
0.6000 0.8000 0.5000 0.7000
49 49
16.0968
0.5307 0.4172 0.7938 0.1066 0.8105 0.7877 0.0211 0.7630 0.3405 0.2254 0.8565 0.2896 0.5157 0.6615 0.6325 0.9169 0.7029 0.5982 0.5967 0.2373 0.1253 0.9390 0.6751 0.6444 0.6847 0.3477 0.3952 0.8793 0.0391 0.5341 0.3538 0.5154 0.0093 0.4497 0.4072 0.3837 0.3933 0.6479 0.4296 0.3676 0.8388 0.5868 0.2164 0.8399 0.7697 0.5408 0.6906 0.0084 0.8398
50 50
16.3293
0.6894 0.6191 0.4228 0.9436 0.6094 0.7777 0.2283 0.7281 0.3509 0.2127 0.4027 0.2851 0.0205 0.9321 0.9398 0.2316 0.3439 0.7797 0.6952 0.2076 0.0679 0.9907 0.5611 0.0299 0.0280 0.7635 0.2206 0.6123 0.0940 0.9788 0.8854 0.4931 0.7834 0.6193 0.4804 0.7107 0.5409 0.8100 0.4481 0.3197 0.2929 0.6842 0.0465 0.6794 0.9001 0.9969 0.1745 0.6125 0.8952 0.3301
45 45
16.1521
0.1474 0.7661 0.8762 0.3324 0.2396 0.7513 0.5805 0.0502 0.8557 0.9416 0.2957 0.5917 0.3629 0.7336 0.9268 0.9105 0.4442 0.9109 0.4936 0.5160 0.7408 0.1950 0.6349 0.2680 0.1737 0.3129 0.1323 0.5025 0.2797 0.1076 0.9654 0.8678 0.0810 0.2401 0.9265 0.5624 0.4275 0.5702 0.6615 0.4336 0.3861 0.4816 0.8223 0.4137 0.8666
50 50
16.9159
0.9839 0.3994 0.8834 0.7993 0.0171 0.2486 0.5959 0.8236 0.4035 0.2188 0.9103 0.9500 0.4317 0.3264 0.7100 0.4162 0.4081 0.9065 0.6859 0.2605 0.3053 0.3549 0.4060 0.9333 0.7318 0.2830 0.0641 0.3675 0.1931 0.8868 0.2551 0.7878 0.0406 0.8372 0.4595 0.3208 0.0674 0.4964 0.0990 0.9094 0.3165 0.6790 0.5329 0.3416 0.4337 0.8192 0.6631 0.3797 0.4417 0.9644
46 46
18.6898
0.9020 0.5794 0.6428 0.5400 0.6380 0.1496 0.6611 0.4268 0.8604 0.4311 0.6665 0.2330 0.5150 0.8809 0.1634 0.9732 0.0410 0.6425 0.3562 0.6280 0.3581 0.8447 0.4189 0.2700 0.1066 0.6907 0.6952 0.4826 0.8793 0.6792 0.6567 0.5666 0.3186 0.1698 0.2390 0.9401 0.9414 0.9077 0.9974 0.1318 0.4513 0.9205 0.0177 0.2113 0.4910 0.2286
45 45
16.1997
0.2651 0.5732 0.3693 0.5986 0.5343 0.2163 0.4380 0.0821 0.4045 0.4797 0.8841 0.7014 0.4551 0.5957 0.9483 0.5619 0.2192 0.0632 0.9533 0.3099 0.0478 0.8818 0.3366 0.2488 0.5146 0.1928 0.1719 0.6767 0.9590 0.7989 0.2668 0.1485 0.8297 0.7350 0.4399 0.3768 0.4184 0.4833 0.1530 0.3717 0.2841 0.4702 0.0071 0.8629 0.9553
50 50
19.0451
0.7432 0.3144 0.2497 0.7177 0.2672 0.4017 0.3238 0.1342 0.3397 0.9861 0.2998 0.2170 0.2852 0.4349 0.1883 0.8190 0.1539 0.4294 0.9154 0.2478 0.8439 0.1056 0.8687 0.6302 0.0617 0.7358 0.8963 0.3230 0.0811 0.1363 0.2801 0.2041 0.9947 0.2116 0.7046 0.3404 0.6109 0.4623 0.6317 0.3811 0.1667 0.5450 0.3748 0.5692 0.8169 0.7874 0.0944 0.1156 0.0045 0.8225
50 50
0.6901
0.3303 0.1761 0.9641 0.2443 0.7744 0.5983 0.5109 0.3337 0.2665 0.3512 0.7417 0.0932 0.6196 0.3724 0.9438 0.7287 0.8091 0.9318 0.7255 0.6598 0.7205 0.8764 0.5154 0.3483 0.6915 0.1224 0.5160 0.7951 0.2683 0.8733 0.0539 0.1546 0.0770 0.0863 0.1090 0.0857 0.7742 0.1842 0.8265 0.8871 0.8928 0.2187 0.6759 0.2215 0.6986 0.3158 0.2791 0.9926 0.0507 0.2108
46 46
19.6025
0.3649 0.3418 0.0871 0.2633 0.7864 0.4878 0.5078 0.0337 0.6050 0.6063 0.2110 0.7813 0.1059 0.0718 0.6629 0.0579 0.3950 0.3849 0.8841 0.4085 0.6336 0.1327 0.9159 0.7177 0.9366 0.4831 0.2385 0.6055 0.5551 0.1523 0.9406 0.1896 0.6982 0.2017 0.0137 0.6185 0.4664 0.0494 0.1878 0.2004 0.1613 0.5097 0.1088 0.1797 0.8525 0.4538
50 50
16.4833
0.0305 0.0450 0.5631 0.6329 0.7707 0.5959 0.9897 0.3194 0.9205 0.0706 0.7304 0.2227 0.3268 0.4713 0.3411 0.6289 0.2303 0.9430 0.7386 0.7403 0.0838 0.8986 0.7796 0.9674 0.7406 0.3740 0.6590 0.9912 0.1469 0.0297 0.7256 0.3142 0.7726 0.2540 0.6295 0.0720 0.5690 0.8375 0.5063 0.4811 0.0680 0.4930 0.5869 0.1739 0.1223 0.5566 0.6411 0.9878 0.5572 0.9701
47 47
15.0428
0.5103 0.0917 0.9658 0.8701 0.0549 0.2607 0.3078 0.1834 0.9193 0.4702 0.3801 0.9050 0.8410 0.6085 0.6088 0.6106 0.9280 0.5906 0.9708 0.0860 0.2150 0.6605 0.6736 0.7001 0.0497 0.2965 0.3292 0.8237 0.7451 0.7303 0.6465 0.7446 0.4372 0.3715 0.4674 0.0873 0.4153 0.1398 0.1094 0.7013 0.6402 0.6328 0.5107 0.5035 0.6751 0.7298 0.6393
48 48
20.4794
0.2468 0.7849 0.5129 0.9245 0.0500 0.4003 0.4729 0.3007 0.5017 0.1076 0.1492 0.3560 0.3821 0.2208 0.1181 0.5633 0.5179 0.7893 0.9561 0.9201 0.3807 0.0612 0.6455 0.1613 0.0366 0.0288 0.4411 0.7095 0.8764 0.4119 0.3653 0.0840 0.8810 0.6731 0.8762 0.1578 0.5668 0.8708 0.2333 0.5688 0.1409 0.2254 0.6595 0.3813 0.1982 0.6509 0.8041 0.3391
49 49
20.4314
0.7422 0.3495 0.7845 0.1242 0.0337 0.1831 0.1922 0.0722 0.6252 0.5571 0.3110 0.9268 0.1085 0.9028 0.5475 0.7578 0.8606 0.4084 0.9774 0.1455 0.6023 0.5946 0.0858 0.8322 0.9450 0.6254 0.7340 0.1272 0.8142 0.2977 0.1570 0.6027 0.8654 0.1005 0.3655 0.0748 0.9896 0.0535 0.6664 0.0266 0.6561 0.9944 0.8429 0.9153 0.9170 0.7258 0.4453 0.7437 0.6508
45 45
18.4163
0.1337 0.6229 0.4218 0.1611 0.2083 0.5285 0.3893 0.3847 0.2141 0.3781 0.7901 0.0111 0.6807 0.3910 0.1271 0.3590 0.9883 0.9565 0.9636 0.7599 0.6828 0.3892 0.6833 0.4539 0.1908 0.5220 0.2355 0.6260 0.9355 0.2143 0.1707 0.6262 0.7406 0.4030 0.7379 0.5871 0.5683 0.9113 0.1270 0.1978 0.0418 0.4351 0.0886 0.6844 0.8933
50 50
22.3153
0.1301 0.3839 0.4881 0.9927 0.5313 0.6420 0.9016 0.1721 0.2431 0.3039 0.6808 0.3963 0.4843 0.1492 0.2751 0.0020 0.0779 0.9720 0.8469 0.9886 0.5541 0.7464 0.6532 0.2314 0.8146 0.7069 0.2742 0.1766 0.3181 0.9425 0.1868 0.7316 0.9175 0.3351 0.5162 0.1205 0.8961 0.8039 0.5131 0.5214 0.1015 0.7366 0.4355 0.8120 0.6860 0.0759 0.8988 0.3545 0.8100 0.2497
47 47
0.5837
0.2976 0.8177 0.7970 0.6248 0.8283 0.0343 0.8463 0.1457 0.4740 0.2637 0.6586 0.4096 0.5373 0.5646 0.5064 0.3154 0.2916 0.9918 0.3602 0.9160 0.0082 0.8207 0.7741 0.1213 0.3793 0.0304 0.4499 0.3950 0.6696 0.7012 0.6131 0.3682 0.4186 0.5026 0.1291 0.6048 0.7167 0.8867 0.8003 0.5956 0.9137 0.7335 0.7999 0.5603 0.2756 0.7619 0.8738
45 45
19.2173
0.1707 0.4122 0.6516 0.0631 0.5685 0.1468 0.7081 0.7625 0.0437 0.3848 0.2375 0.0991 0.2408 0.5859 0.5070 0.5685 0.6195 0.2326 0.4836 0.6916 0.4129 0.0930 0.4477 0.0692 0.9649 0.4606 0.4360 0.4668 0.6697 0.7695 0.6498 0.9507 0.7491 0.5048 0.7916 0.5507 0.7848 0.3774 0.3685 0.6994 0.9170 0.6841 0.3873 0.3261 0.5998
50 50
1.0000
0.3333 0.3333 0.3333 0.3333 0.3333 0.3333 0.3333 0.3333 0.3333 0.3333 0.3333 0.3333 0.3333 0.3333 0.3333 0.3333 0.3333 0.3333 0.3333 0.3333 0.3333 0.3333 0.3333 0.3333 0.3333 0.3333 0.3333 0.3333 0.3333 0.3333 0.3333 0.3333 0.3333 0.3333 0.3333 0.3333 0.3333 0.3333 0.3333 0.3333 0.3333 0.3333 0.3333 0.3333 0.3333 0.3333 0.3333 0.3333 0.3333 0.3333
47 47
20.7884
0.7463 0.4127 0.3034 0.3833 0.0216 0.9244 0.0138 0.7101 0.2191 0.1805 0.9494 0.9809 0.4244 0.7813 0.6701 0.0641 0.5316 0.2232 0.2527 0.4087 0.7450 0.2933 0.1347 0.5591 0.0853 0.1717 0.4583 0.6490 0.9990 0.1649 0.0824 0.8820 0.2137 0.4980 0.0188 0.8964 0.7812 0.7638 0.1613 0.6812 0.6891 0.3176 0.0722 0.9589 0.3993 0.7515 0.8292
50 50
0.0049
0.9999 0.9999 0.9999 0.9999 0.9999 0.9999 0.9999 0.9999 0.9999 0.9999 0.9999 0.9999 0.9999 0.9999 0.9999 0.9999 0.9999 0.9999 0.9999 0.9999 0.9999 0.9999 0.9999 0.9999 0.9999 0.9999 0.9999 0.9999 0.9999 0.9999 0.9999 0.9999 0.9999 0.9999 0.9999 0.9999 0.9999 0.9999 0.9999 0.9999 0.9999 0.9999 0.9999 0.9999 0.9999 0.9999 0.9999 0.9999 0.9999 0.9999
50 50
21.3199
0.9996 0.9628 0.7504 0.8444 0.8742 0.2313 0.2113 0.3789 0.8543 0.2138 0.6980 0.6095 0.1944 0.0199 0.8581 0.8224 0.2828 0.5460 0.1509 0.4369 0.3858 0.6153 0.3681 0.7082 0.2133 0.6573 0.7374 0.1509 0.0169 0.1846 0.8385 0.9207 0.4199 0.5302 0.3853 0.0646 0.9372 0.4947 0.9824 0.2779 0.6677 0.1045 0.8050 0.7877 0.4046 0.6436 0.4151 0.6018 0.2013 0.3633
45 45
16.8603
0.8852 0.0485 0.3613 0.8965 0.1913 0.5536 0.5545 0.4737 0.4750 0.8288 0.3239 0.9570 0.7457 0.1774 0.0967 0.1119 0.7361 0.2419 0.1943 0.3209 0.9092 0.1728 0.6428 0.4626 0.1154 0.8772 0.2995 0.2893 0.6689 0.3490 0.0103 0.7463 0.1257 0.6761 0.7990 0.5815 0.1645 0.1965 0.7146 0.5410 0.4279 0.8124 0.2576 0.2341 0.9843
50 50
50.0000
0.0000 0.0000 0.0000 0.0000 0.0000 0.0000 0.0000 0.0000 0.0000 0.0000 0.0000 0.0000 0.0000 0.0000 0.0000 0.0000 0.0000 0.0000 0.0000 0.0000 0.0000 0.0000 0.0000 0.0000 0.0000 0.0000 0.0000 0.0000 0.0000 0.0000 0.0000 0.0000 0.0000 0.0000 0.0000 0.0000 0.0000 0.0000 0.0000 0.0000 0.0000 0.0000 0.0000 0.0000 0.0000 0.0000 0.0000 0.0000 0.0000 0.0000
50 50
1.0000
0.0000 0.0000 0.0000 0.0000 0.0000 0.0000 0.0000 0.0000 0.0000 0.0000 0.0000 0.0000 0.0000 0.0000 0.0000 0.0000 0.0000 0.0000 0.0000 0.0000 0.0000 0.0000 0.0000 0.0000 0.0000 0.0000 0.0000 0.0000 0.0000 0.0000 0.0000 0.0000 0.0000 0.0000 0.0000 0.0000 0.0000 0.0000 0.0000 0.0000 0.0000 0.0000 0.0000 0.0000 0.0000 0.0000 0.0000 0.0000 0.0000 0.0000
1 1
0.3333
0.5000
46 46
18.8237
0.8719 0.5369 0.1443 0.5158 0.1689 0.9361 0.3637 0.4427 0.8682 0.5827 0.3061 0.0564 0.5208 0.0878 0.9541 0.4196 0.6231 0.9796 0.1497 0.1849 0.1058 0.9090 0.0623 0.1790 0.1372 0.7977 0.9647 0.2329 0.2406 0.9781 0.1050 0.1346 0.5790 0.8875 0.7513 0.8761 0.8043 0.2733 0.9168 0.1622 0.5050 0.7517 0.8578 0.6144 0.6323 0.9270
