99
6 2 0 2 0 2 0
3 1 0 2 0 0 0
5 0 0 2 0 3 0
3 2 0 0 0 1 0
802 217 0 258 0 327 0
937 281 0 392 0 264 0
77 47 0 14 0 16 0
142 71 0 22 0 49 0
342 115 0 163 0 64 0
4 2 0 0 0 2 0
225 78 0 72 0 75 0
358 158 0 190 0 10 0
14 0 0 7 0 7 0
767 295 0 299 0 173 0
168 40 0 56 0 72 0
719 344 0 24 0 351 0
262 109 0 57 0 96 0
711 328 0 240 0 143 0
781 48 0 669 0 64 0
4 2 0 1 0 1 0
253 47 0 87 0 119 0
4 0 0 3 0 1 0
528 241 0 203 0 84 0
957 356 0 478 0 123 0
999 500 0 249 0 250 0
918 259 0 385 0 274 0
308 130 0 153 0 25 0
183 123 0 32 0 28 0
461 180 0 134 0 147 0
141 45 0 49 0 47 0
262 88 0 118 0 56 0
999 499 0 250 0 250 0
335 72 0 104 0 159 0
653 216 0 287 0 150 0
3 1 0 1 0 1 0
586 161 0 136 0 289 0
660 213 0 134 0 313 0
288 61 0 137 0 90 0
615 243 0 125 0 247 0
845 295 0 340 0 210 0
775 104 0 344 0 327 0
980 428 0 90 0 462 0
637 130 0 305 0 202 0
442 154 0 116 0 172 0
902 442 0 122 0 338 0
229 73 0 109 0 47 0
659 264 0 128 0 267 0
1000 500 0 1 0 499 0
999 499 0 1 0 499 0
966 833 0 91 0 42 0
814 314 0 253 0 247 0
927 254 0 284 0 389 0
891 423 0 377 0 91 0
973 231 0 267 0 475 0
6 3 0 3 0 0 0
5 2 0 1 0 2 0
1000 499 0 501 0 0 0
1000 250 0 500 0 250 0
837 59 0 388 0 390 0
777 332 0 354 0 91 0
816 393 0 293 0 130 0
664 274 0 261 0 129 0
4 1 0 1 0 2 0
799 552 0 24 0 223 0
90 25 0 30 0 35 0
225 85 0 42 0 98 0
124 0 0 60 0 64 0
999 499 0 500 0 0 0
679 262 0 318 0 99 0
699 189 0 206 0 304 0
373 154 0 173 0 46 0
863 98 0 385 0 380 0
219 53 0 131 0 35 0
1000 334 0 333 0 333 0
896 444 0 194 0 258 0
6 1 0 3 0 2 0
851 218 0 225 0 408 0
999 333 0 333 0 333 0
744 142 0 353 0 249 0
786 247 0 303 0 236 0
387 192 0 162 0 33 0
5 1 0 3 0 1 0
4 0 0 2 0 2 0
693 328 0 162 0 203 0
630 268 0 55 0 307 0
637 159 0 220 0 258 0
512 31 0 25 0 456 0
4 1 0 2 0 1 0
1000 0 0 500 0 500 0
7 2 0 2 0 3 0
876 62 0 647 0 167 0
204 94 0 37 0 73 0
919 338 0 302 0 279 0
223 86 0 90 0 47 0
795 363 0 48 0 384 0
665 245 0 301 0 119 0
400 78 0 122 0 200 0
58 16 0 27 0 15 0
3 0 0 0 0 3 0
