99
6 2 0 2 0 2 0
3 1 0 2 0 0 0
343 132 0 77 0 134 0
715 344 0 16 0 355 0
622 406 0 123 0 93 0
402 54 0 149 0 199 0
386 27 0 189 0 170 0
541 136 0 196 0 209 0
85 29 0 15 0 41 0
923 248 0 444 0 231 0
443 180 0 130 0 133 0
71 33 0 15 0 23 0
243 15 0 89 0 139 0
899 405 0 79 0 415 0
999 499 0 1 0 499 0
6 2 0 1 0 3 0
887 75 0 812 0 0 0
832 290 0 414 0 128 0
427 179 0 204 0 44 0
373 150 0 63 0 160 0
691 289 0 76 0 326 0
1000 936 0 57 0 7 0
257 186 0 0 0 71 0
144 22 0 115 0 7 0
639 303 0 302 0 34 0
5 0 0 3 0 2 0
471 230 0 93 0 148 0
7 2 0 3 0 2 0
562 103 0 248 0 211 0
6 0 0 3 0 3 0
980 433 0 88 0 459 0
4 3 0 0 0 1 0
229 43 0 12 0 174 0
486 239 0 99 0 148 0
690 315 0 154 0 221 0
66 30 0 20 0 16 0
779 36 0 363 0 380 0
999 499 0 500 0 0 0
592 287 0 69 0 236 0
351 146 0 99 0 106 0
999 333 0 333 0 333 0
622 285 0 159 0 178 0
82 12 0 40 0 30 0
926 448 0 369 0 109 0
77 28 0 37 0 12 0
84 20 0 22 0 42 0
998 783 0 136 0 79 0
999 499 0 250 0 250 0
4 1 0 1 0 2 0
779 288 0 208 0 283 0
1000 500 0 0 0 500 0
4 0 0 2 0 2 0
938 261 0 392 0 285 0
691 297 0 222 0 172 0
574 256 0 182 0 136 0
911 234 0 201 0 476 0
459 114 0 139 0 206 0
1000 333 0 334 0 333 0
1000 500 0 250 0 250 0
3 0 0 2 0 1 0
277 90 0 84 0 103 0
368 168 0 31 0 169 0
641 302 0 159 0 180 0
363 114 0 145 0 104 0
1000 500 0 499 0 1 0
999 250 0 500 0 249 0
440 203 0 58 0 179 0
312 60 0 145 0 107 0
1000 499 0 0 0 501 0
527 113 0 162 0 252 0
253 118 0 34 0 101 0
4 2 0 2 0 0 0
884 389 0 186 0 309 0
947 285 0 218 0 444 0
751 168 0 242 0 341 0
4 2 0 1 0 1 0
388 119 0 192 0 77 0
263 99 0 68 0 96 0
350 140 0 131 0 79 0
904 135 0 340 0 429 0
120 42 0 60 0 18 0
273 70 0 87 0 116 0
494 231 0 61 0 202 0
862 51 0 397 0 414 0
819 185 0 294 0 340 0
48 12 0 19 0 17 0
3 1 0 1 0 1 0
5 1 0 3 0 1 0
5 2 0 2 0 1 0
381 0 0 141 0 240 0
524 228 0 247 0 49 0
106 48 0 51 0 7 0
3 0 0 0 0 3 0
933 247 0 430 0 256 0
4 1 0 2 0 1 0
390 91 0 185 0 114 0
175 15 0 79 0 81 0
782 384 0 19 0 379 0
36 17 0 14 0 5 0
